person 0.9964139461517334 0.17618982 0.56026685 0.24739785 0.8316386 
train 0.9934446811676025 0.32167643 0.21275312 1.0117865 0.94432193 
person 0.97263103723526 0.08730866 0.5823135 0.12873632 0.8216571 
person 0.8915683031082153 0.11319737 0.57982445 0.15840904 0.8186023 
person 0.8387317657470703 0.24220327 0.56227803 0.27895245 0.72864807 
person 0.8340596556663513 0.89187384 0.46830946 0.92559457 0.5241563 
person 0.7141203284263611 0.80039215 0.47799686 0.834376 0.5280881 
person 0.644966185092926 0.85927236 0.46306738 0.8882685 0.5251023 
person 0.5533571243286133 0.14284734 0.5792064 0.17998005 0.79155725 
person 0.5130839943885803 0.6459016 0.47822672 0.6819555 0.5314558 
