person 0.9990915656089783 0.022586644 0.47312188 0.35166425 1.0132272 
person 0.9916544556617737 0.89615357 0.3806914 0.9996072 0.71530807 
person 0.9777124524116516 0.81261784 0.7031506 0.989042 1.0093864 
person 0.9717862606048584 0.80290633 0.34876257 0.91483337 0.696183 
person 0.9711866974830627 0.6182827 0.3051993 0.72670543 0.52329314 
person 0.970208466053009 0.2096415 0.36344254 0.31659257 0.6850662 
person 0.9599733948707581 0.50113475 0.39741772 0.60724473 0.6627993 
person 0.935176432132721 0.0010460541 0.4878403 0.1179338 0.9373609 
person 0.9214842915534973 0.6972379 0.17189394 0.8054411 0.39596826 
person 0.8925555944442749 0.4270434 0.41775674 0.54681665 0.68107325 
person 0.8896663188934326 0.67457044 0.74133193 0.8296068 1.0003041 
person 0.8366801738739014 0.67085284 0.43299502 0.8278151 0.69533926 
person 0.8365695476531982 0.3913742 0.32049435 0.4738172 0.6205107 
person 0.823840856552124 0.48036012 0.28006312 0.56396544 0.5027189 
person 0.8143107295036316 0.16860864 0.26858652 0.27405408 0.5293065 
person 0.7402949929237366 0.30551067 0.39471167 0.42021808 0.6478202 
backpack 0.6932539343833923 0.06613898 0.3989493 0.17572746 0.55981195 
person 0.6714398264884949 0.3140189 0.3189435 0.39520383 0.4985087 
chair 0.6660088896751404 0.51447433 0.11249432 0.6208864 0.37392187 
person 0.5135700702667236 0.6188549 0.4481899 0.7447165 0.6488934 
