chair 0.999092161655426 0.19481489 0.78563255 0.35507616 1.0019002 
chair 0.9976116418838501 0.37536767 0.73297495 0.5199245 0.988954 
chair 0.993788480758667 0.056667075 0.7463203 0.19068317 0.99249643 
person 0.9930262565612793 0.85715383 0.45579112 0.9466217 0.5906317 
chair 0.9733890295028687 0.8059041 0.6886304 0.9148689 0.951269 
chair 0.9412665367126465 0.24105278 0.6115107 0.3526822 0.7052037 
chair 0.9404256939888 0.7609079 0.6634506 0.83215904 0.91442716 
chair 0.9363039135932922 0.15369985 0.67291206 0.24321356 0.7414945 
chair 0.9022311568260193 0.46879768 0.6700142 0.5123181 0.7411565 
diningtable 0.7642860412597656 0.12172684 0.68791854 0.4709995 0.90111923 
wine glass 0.7022450566291809 0.36489195 0.6839403 0.387936 0.72163534 
wine glass 0.6193602085113525 0.8272466 0.56937146 0.84356874 0.6033864 
wine glass 0.6143196225166321 0.8093824 0.56988966 0.8253526 0.6033398 
wine glass 0.5818074345588684 0.2075875 0.7101105 0.23617522 0.739147 
