person 0.9982424378395081 0.5326779 0.40272978 0.9619949 1.0226375 
person 0.9967859983444214 0.7276162 -0.01989606 0.8775537 0.43344656 
person 0.9940953254699707 0.4396921 -0.025069773 0.56771815 0.514992 
person 0.9905595183372498 0.019053355 -0.0037425756 0.1677287 0.3354571 
person 0.9897137880325317 0.19848365 0.0034498423 0.31715578 0.4177155 
person 0.9659351706504822 0.61035717 -0.0058370084 0.724424 0.2590806 
person 0.9644186496734619 0.29594302 -0.0014081597 0.38202876 0.50487375 
person 0.9003070592880249 0.8132682 0.21100926 1.0004232 0.92899036 
person 0.8972724080085754 0.000520207 0.13892367 0.11937474 0.667271 
person 0.8899899125099182 0.4829858 0.04874158 0.768256 0.8233444 
person 0.748924970626831 0.40750432 0.33552825 0.5560921 0.77388823 
person 0.6872277855873108 0.048489995 0.20679197 0.22910193 0.44395575 
person 0.617657482624054 0.0032820199 0.019403525 0.058282904 0.1724869 
person 0.5415753722190857 0.89244217 -0.06669322 1.0026519 0.71956027 
