person 0.9784700274467468 0.4576145 0.27697074 0.5569962 0.42849612 
person 0.9706453084945679 0.6129343 0.2646645 0.71512955 0.4168071 
person 0.9694546461105347 0.863611 0.26336437 0.99734247 0.44886345 
person 0.9264034628868103 0.5275046 0.20122834 0.6026861 0.38154513 
tie 0.890657365322113 0.64316237 0.3442678 0.6560699 0.4105848 
tie 0.8750057816505432 0.907105 0.3586327 0.9311783 0.42490932 
person 0.7217980027198792 0.00097996 0.45689 0.14176372 0.6496967 
tie 0.6851882338523865 0.50400364 0.35199353 0.5136851 0.39756206 
cup 0.6181613206863403 0.59710616 0.40481967 0.61917907 0.43475646 
cup 0.5445083975791931 0.003254198 0.6052795 0.018713463 0.65181726 
cup 0.5334814190864563 0.7315715 0.41396934 0.75475746 0.4441182 
