person 0.9964605569839478 0.52807695 0.43962547 0.6814386 0.6201166 
person 0.9962709546089172 0.57223773 0.6031155 0.98236406 0.9975768 
person 0.9940704107284546 0.32801032 0.4186028 0.47073418 0.5978111 
person 0.9908497929573059 -0.0019059032 0.3001242 0.2412207 0.9834664 
person 0.9881325960159302 0.32595995 0.6181411 0.49112698 0.9847476 
person 0.9602314829826355 0.64190555 0.4500771 0.871215 0.6486422 
person 0.9474576711654663 0.15469764 0.36925355 0.25107542 0.5277382 
person 0.9364345073699951 0.80777216 0.28477025 0.95076895 0.50058424 
cell phone 0.9106171131134033 0.2765204 0.7283666 0.32826385 0.7645465 
person 0.9095926880836487 0.6202022 0.36065874 0.70803535 0.54250014 
chair 0.8908275365829468 0.53410393 0.43393508 0.58660024 0.457553 
person 0.798650324344635 0.5853688 0.2988261 0.63897306 0.44516158 
diningtable 0.7561126947402954 0.047813952 0.6232379 0.9926159 0.8788093 
person 0.7343000173568726 0.94167084 0.26385486 0.99807686 0.47391522 
bottle 0.731922447681427 0.3793053 0.53932947 0.40598094 0.6244392 
chair 0.7121650576591492 0.26080748 0.45147663 0.3168846 0.5721572 
person 0.7110999822616577 0.1722829 0.31569037 0.25084713 0.4326122 
person 0.686634361743927 0.24847049 0.33363733 0.32968003 0.45360306 
person 0.6712480187416077 0.35388595 0.37094423 0.42577547 0.44764784 
chair 0.6493503451347351 0.21395063 0.49122712 0.28009087 0.5569651 
chair 0.6244381666183472 0.5065261 0.4245378 0.5455034 0.45332834 
person 0.6221324801445007 0.5050943 0.33696458 0.5438887 0.40878597 
person 0.6200304627418518 0.09868294 0.28911096 0.89820033 0.5595424 
chair 0.5923014283180237 0.44823897 0.52956873 0.48586905 0.5945079 
chair 0.5793287754058838 0.42676294 0.4253224 0.4665479 0.4537322 
chair 0.5682119727134705 0.14663863 0.48374155 0.19333416 0.53672767 
person 0.5653533339500427 0.8899074 0.27253616 0.93841773 0.35311925 
chair 0.53847736120224 0.43765754 0.38127482 0.47753322 0.44098258 
cup 0.5293526649475098 0.5805138 0.5911438 0.6051907 0.6216114 
