person 0.994645893573761 0.83323365 0.1751045 0.9727108 0.6545169 
person 0.9826043844223022 0.012453705 0.100434065 0.86195576 0.94189644 
person 0.973996102809906 0.0031106025 0.1510432 0.10924129 0.8024516 
handbag 0.8397365212440491 0.13027197 0.27549723 0.21560726 0.45151708 
person 0.8086258769035339 0.7771579 0.18535951 0.8537401 0.56713295 
person 0.8038604259490967 0.7190311 0.2110568 0.75618315 0.303723 
person 0.7804186344146729 0.95628816 0.20414415 0.9968744 0.51960003 
person 0.7544371485710144 0.7643022 0.21845236 0.7947294 0.3319545 
person 0.7426003217697144 0.0865532 0.19538543 0.17644788 0.5198877 
person 0.5730357766151428 0.116832286 0.20794718 0.23333606 0.60947675 
