person 0.8280341029167175 0.7705849 0.3225421 0.7839317 0.3907765 
person 0.7845065593719482 0.7880857 0.3221909 0.80708075 0.40184936 
person 0.7564300894737244 0.57388407 0.32678705 0.588265 0.3801571 
bird 0.7308683395385742 0.6834808 0.5909913 0.7680108 0.7387065 
person 0.7078537940979004 0.60390276 0.33042178 0.6170985 0.3749173 
person 0.7010232210159302 0.7527745 0.32264563 0.7674129 0.38897 
bird 0.6945195198059082 0.37620595 0.6281301 0.45482573 0.73409784 
car 0.6920608282089233 0.632637 0.23129575 0.65981185 0.255441 
person 0.6809428334236145 0.6362757 0.33055085 0.6512101 0.38427502 
person 0.6723975539207458 0.65732425 0.3259744 0.6717511 0.38787204 
person 0.6678720712661743 0.72971004 0.3238687 0.7434724 0.3869962 
person 0.6103728413581848 0.4459279 0.3261211 0.45702294 0.3733846 
bird 0.5974828004837036 0.6336581 0.5697165 0.6959471 0.688492 
bird 0.5801973938941956 0.8299738 0.5775063 0.95593464 0.77959967 
bird 0.5786269307136536 0.45450312 0.5340388 0.5200282 0.59809077 
person 0.5575628280639648 0.622439 0.3278673 0.63579667 0.3827491 
person 0.550824761390686 0.48778242 0.32814142 0.500544 0.37565216 
car 0.5121837854385376 0.78746563 0.23161806 0.8201509 0.25455403 
bird 0.5068805813789368 0.058192924 0.49784082 0.13103595 0.6264356 
