person 0.9989616870880127 0.45639408 0.16139117 0.7053937 0.55765533 
person 0.9399985671043396 0.0031314269 0.016797021 0.19030774 0.46131855 
person 0.8630325794219971 0.23798542 -0.00015586242 0.35566267 0.1122414 
person 0.8544672131538391 0.41010928 0.0039938167 0.49464607 0.13501155 
motorbike 0.8538457155227661 0.1000486 0.3184041 0.85233295 0.82698846 
person 0.7970449328422546 0.6912041 -0.0058400035 0.905159 0.18731333 
person 0.738504946231842 0.9098409 0.0027495325 0.99636143 0.17753108 
bottle 0.7163181304931641 0.36060935 0.27620494 0.39297563 0.38468724 
bottle 0.6511249542236328 0.21358623 0.17300218 0.23850663 0.22023383 
person 0.5487208366394043 0.33422416 0.004832428 0.4169829 0.12102391 
person 0.5311747193336487 0.60862535 0.0049184524 0.72733897 0.12214857 
