person 0.9885185360908508 0.28536463 0.44868928 0.3103069 0.53690994 
person 0.9709994196891785 0.029460508 0.44152325 0.064327404 0.515623 
person 0.9073917865753174 0.20155269 0.4787516 0.2379716 0.529818 
person 0.8561587333679199 0.6484545 0.46989274 0.6725934 0.5102011 
person 0.7900660634040833 0.5717556 0.4685364 0.59457165 0.4998829 
person 0.7463691830635071 0.43389237 0.4582434 0.45863426 0.52517986 
person 0.7389947175979614 0.79242617 0.4661424 0.81030566 0.506844 
person 0.7162399888038635 0.26543918 0.47527808 0.28365782 0.5302648 
person 0.6309940218925476 0.19635618 0.48237628 0.2193299 0.5286923 
person 0.6161512136459351 0.45494634 0.45695207 0.47317564 0.4817213 
