person 0.9963966608047485 0.25956315 0.014864393 0.6184464 0.21375698 
cup 0.9888738393783569 0.24274406 0.12631047 0.3187358 0.27751502 
bottle 0.9873886704444885 0.8171182 0.0971475 0.8945618 0.33607462 
diningtable 0.9866293668746948 0.07570061 0.22532353 0.92674446 0.94590116 
bottle 0.9855262041091919 0.33094975 0.8152339 0.4220952 0.99414057 
cup 0.9769202470779419 0.5328653 0.12631479 0.5964196 0.24797508 
bowl 0.9764721393585205 0.31957117 0.18359254 0.42715064 0.28340298 
bowl 0.9429011344909668 0.015337348 0.34786227 0.15053445 0.48085782 
person 0.942518949508667 0.6740899 -0.0007470548 0.99807763 0.3655043 
person 0.914766252040863 -0.0013282597 -0.027676195 0.2130139 0.7284274 
bowl 0.8794334530830383 0.7686384 0.7328947 0.94520533 0.93915826 
