horse 0.9934312105178833 0.41713107 0.07518196 0.843508 0.7929863 
person 0.927819013595581 0.011125915 0.057752393 0.08562135 0.20574158 
person 0.9005956053733826 0.23387167 0.06858496 0.31863633 0.21569993 
person 0.8655871748924255 0.81593114 0.15386465 0.90163773 0.28837863 
person 0.8406704068183899 0.9029111 0.226379 0.9682196 0.296366 
person 0.8284675478935242 0.70524424 0.041340455 0.7823116 0.22206594 
person 0.8054636716842651 0.12329836 0.6219746 0.39797145 0.8201839 
person 0.6985082626342773 0.17238587 0.06643942 0.23467603 0.19938853 
person 0.5678550601005554 0.39853635 0.064114 0.46152213 0.20177618 
person 0.5642573833465576 0.9521704 0.07640994 0.99867904 0.2762534 
