chair 0.9810611605644226 0.7316951 0.63656634 0.89643556 1.0042713 
chair 0.9672468304634094 0.15912625 0.60775816 0.31570515 0.9811313 
person 0.9532116055488586 0.0056918114 0.38437492 0.17817444 0.95366555 
person 0.9469174146652222 0.2937707 0.47004756 0.33827725 0.5472777 
person 0.8819465637207031 0.6922204 0.4349303 0.748856 0.6004979 
person 0.8571953773498535 0.54754025 0.45627382 0.5863361 0.52834445 
chair 0.8239387273788452 0.57291496 0.53430915 0.62762284 0.7372941 
person 0.8029152750968933 0.33172423 0.46949857 0.37555403 0.5405573 
person 0.744208812713623 0.8653492 0.41131237 0.9213551 0.55111563 
bottle 0.7272138595581055 0.90688103 0.5171428 0.92851883 0.61761343 
chair 0.6853393316268921 0.29171973 0.5525599 0.36739212 0.609672 
person 0.5705311298370361 0.80182654 0.40812063 0.8591711 0.542947 
person 0.5679064393043518 0.22495712 0.40005642 0.282883 0.5610566 
person 0.5474362373352051 0.0010165013 0.4187305 0.056370035 0.60658514 
