person 0.9966204762458801 0.031291664 0.36663187 0.16593064 0.9835242 
person 0.9948033690452576 0.7030542 0.275271 0.89229393 0.9935414 
person 0.9947553277015686 0.2970059 0.37120032 0.43027627 0.89872193 
person 0.9916484951972961 0.5670094 0.4771383 0.6965845 1.025369 
person 0.9843490123748779 0.5941022 0.1032953 0.6773146 0.37616554 
person 0.9782811999320984 0.50611794 0.2319266 0.62164855 0.5627396 
person 0.9782236218452454 0.4030487 0.55833256 0.55903023 1.0189817 
person 0.9735615253448486 0.14710057 0.66537863 0.30230674 1.0031167 
person 0.96538907289505 0.23695992 0.1122511 0.32710016 0.37923396 
person 0.9578493237495422 0.38951322 0.21351844 0.5164373 0.5915606 
person 0.9523863196372986 0.84364223 0.15946266 0.994326 1.0170232 
person 0.9238516688346863 0.36199692 0.12775457 0.43884656 0.3512949 
person 0.909551203250885 0.759737 0.103840694 0.880546 0.47568756 
person 0.8988251686096191 0.46612343 0.058000505 0.5806042 0.38579804 
person 0.8572072982788086 0.26088944 0.2177842 0.36480454 0.53521657 
person 0.8458923697471619 0.16238436 0.29368332 0.30936894 0.8926203 
person 0.8157480955123901 0.5180257 0.43146965 0.6040496 0.982968 
person 0.7889769077301025 0.6926155 0.0748153 0.78221977 0.34794915 
person 0.7887547016143799 0.31046516 0.585742 0.43700433 0.9970683 
person 0.7870331406593323 0.12684977 0.2040593 0.21898147 0.5907792 
person 0.6747244596481323 0.6295387 0.38483307 0.7265726 0.9621345 
person 0.6739329695701599 0.40859845 0.39405128 0.53352773 0.78575075 
person 0.6456321477890015 0.6437354 0.21313497 0.75648236 0.52540755 
