chair 0.9933850169181824 0.5019311 0.60352075 0.6057222 0.89914024 
chair 0.9857842922210693 0.7284638 0.58178365 0.82894117 0.8165114 
chair 0.9811716675758362 0.61290413 0.5685576 0.7164435 0.7985258 
chair 0.9372680187225342 0.11193575 0.6617897 0.23423035 0.96908575 
chair 0.9292289018630981 0.2826994 0.6380963 0.3783484 0.94825333 
person 0.9070244431495667 0.8243997 0.31493342 0.9698088 0.8105159 
person 0.8409619331359863 0.33961037 0.49181145 0.48839745 0.86906606 
person 0.8153507709503174 0.06697722 0.46382737 0.13982517 0.63830817 
person 0.8074503540992737 0.44116238 0.45761195 0.51344925 0.6390622 
person 0.7807372808456421 0.7120828 0.47995093 0.7688102 0.6309987 
person 0.7270257472991943 0.00041942298 0.47073832 0.09732119 0.87780344 
person 0.6898329257965088 0.14600968 0.4905317 0.26655966 0.7739868 
person 0.6380311846733093 0.26035568 0.43054986 0.3147919 0.5518393 
person 0.6273936033248901 0.21752922 0.46526372 0.253724 0.5556128 
person 0.6187648773193359 0.5804439 0.48581302 0.71271497 0.689535 
chair 0.5904105305671692 0.3312714 0.6415798 0.3880782 0.93253356 
person 0.5693581104278564 0.32952923 0.44289416 0.3726455 0.5406222 
person 0.5661541223526001 0.6766848 0.4786931 0.7163761 0.5699076 
chair 0.5602588057518005 0.0055446327 0.6446576 0.112857774 0.9184357 
person 0.5395330786705017 0.47488597 0.4688558 0.5493833 0.63999647 
