person 0.934375 0.978125 0.483333 0.375000
person 0.646875 0.678125 0.506250 0.364583
person 0.140625 0.192188 0.604167 0.356250
person 0.056250 0.112500 0.602083 0.333333
person 0.978125 0.998438 0.687500 0.600000
person 0.737500 0.828125 0.560417 0.389583
person 0.793750 0.848437 0.543750 0.352083
person 0.665625 0.709375 0.510417 0.347917
person 0.000000 0.023438 0.620833 0.393750
person 0.087500 0.329688 0.822917 0.422917
person 0.912500 0.939062 0.481250 0.404167
person 0.331250 0.473437 0.768750 0.275000
person 0.931250 0.984375 0.485417 0.368750
