person 0.151556 0.228687 0.809639 0.573494
person 0.128552 0.190798 0.380723 0.277108
person 0.860622 0.883627 0.527711 0.474699
person 0.441137 0.457375 0.556626 0.455422
person 0.893099 0.921516 0.518072 0.474699
person 0.263870 0.304466 0.385542 0.293976
person 0.163735 0.255751 0.833735 0.563855
person 0.480379 0.537212 0.792771 0.431325
person 0.119080 0.169147 0.790361 0.585542
person 0.648173 0.684709 0.527711 0.479518
person 0.694181 0.728011 0.525301 0.493976
person 0.093369 0.131258 0.826506 0.585542
person 0.760487 0.782138 0.527711 0.467470
person 0.798376 0.833559 0.525301 0.479518
