person 0.000000 0.110457 0.900442 0.457965
person 0.000000 0.154639 0.938053 0.442478
person 0.169367 1.000000 0.723451 0.174779
person 0.503682 0.605302 0.681416 0.404867
person 0.204713 0.326951 0.703540 0.358407
person 0.674521 0.997055 1.000000 0.707965
person 0.634757 0.743741 0.641593 0.451327
person 0.432990 0.541973 0.674779 0.420354
person 0.309278 0.415317 0.601770 0.411504
person 0.811487 0.992636 1.000000 0.712389
person 0.670103 0.824742 0.997788 0.743363
person 0.711340 0.827688 1.000000 0.738938
person 0.877761 0.998527 0.730088 0.356195
person 0.020619 0.332842 1.000000 0.491150
person 0.499264 0.602356 0.685841 0.404867
