person 0.234657 0.465704 0.996390 0.276173
person 0.458484 0.983755 1.000000 0.220217
person 0.444043 0.987365 1.000000 0.227437
person 0.000000 0.027076 0.104693 0.041516
person 0.009025 0.317690 1.000000 0.207581
person 0.005415 0.310469 1.000000 0.202166
person 0.083032 0.101083 0.104693 0.039711
person 0.083032 0.104693 0.108303 0.043321
person 0.003610 0.088448 0.110108 0.005415
person 0.709386 1.000000 1.000000 0.227437
person 0.229242 0.498195 1.000000 0.279783
person 0.703971 1.000000 1.000000 0.227437
