person 0.818584 1.000000 0.920354 0.232301
person 0.199115 0.333333 0.351770 0.000000
person 0.303835 0.382006 0.486726 0.000000
person 0.000000 0.056047 0.276549 0.013274
person 0.556047 0.952802 1.000000 0.384956
person 0.746313 1.000000 0.935841 0.230089
person 0.249263 0.412979 0.690265 0.342920
person 0.461652 0.774336 0.818584 0.055310
person 0.000000 0.117994 0.663717 0.137168
person 0.051622 0.423304 1.000000 0.387168
person 0.000000 1.000000 1.000000 0.000000
person 0.730088 0.886431 0.400442 0.000000
person 0.056047 0.421829 1.000000 0.389381
person 0.008850 0.165192 0.314159 0.000000
person 0.000000 0.411504 1.000000 0.000000
person 0.053097 0.222714 0.426991 0.194690
person 0.000000 0.056047 0.269911 0.015487
person 0.901180 0.991150 0.530973 0.000000
person 0.417404 0.532448 0.789823 0.327434
person 0.430678 0.567847 0.460177 0.000000
person 0.017699 0.162242 0.316372 0.000000
person 0.553097 0.963127 1.000000 0.382743
person 0.197640 0.331858 0.351770 0.000000
