person 0.408015 0.418944 0.942652 0.912186
person 0.204007 0.214936 0.964158 0.926523
person 0.377049 0.397086 0.953405 0.917563
person 0.234973 0.247723 0.960573 0.922939
person 0.273224 0.291439 0.958781 0.922939
person 0.103825 0.123862 0.974910 0.930108
person 0.358834 0.375228 0.960573 0.917563
person 0.504554 0.602914 0.948029 0.913979
person 0.245902 0.271403 0.964158 0.917563
person 0.480874 0.493625 0.942652 0.912186
person 0.335155 0.346084 0.942652 0.906810
person 0.854281 0.874317 0.982079 0.921147
person 0.342441 0.353370 0.942652 0.908602
person 0.191257 0.204007 0.965950 0.928315
person 0.083789 0.100182 0.971326 0.930108
person 0.429872 0.444444 0.944444 0.910394
person 0.635701 0.843352 0.962366 0.908602
person 0.843352 0.854281 0.964158 0.922939
