person 0.531250 0.676562 0.639583 0.441667
person 0.895312 0.998438 0.897917 0.252083
person 0.000000 1.000000 1.000000 0.258333
person 0.306250 0.451562 0.595833 0.414583
person 0.504687 0.545313 0.406250 0.337500
person 0.439063 0.470313 0.431250 0.358333
person 0.164062 0.248437 0.458333 0.310417
person 0.156250 0.243750 0.506250 0.391667
person 0.315625 0.481250 1.000000 0.614583
person 0.343750 0.412500 0.441667 0.366667
person 0.745313 0.829687 0.462500 0.360417
person 0.243750 0.320312 0.566667 0.333333
person 0.340625 0.401563 0.406250 0.335417
person 0.815625 0.960938 0.641667 0.287500
person 0.476562 0.515625 0.441667 0.268750
person 0.621875 0.692187 0.558333 0.366667
person 0.585938 0.640625 0.433333 0.287500
person 0.937500 0.996875 0.500000 0.272917
person 0.585938 0.960938 0.997917 0.614583
person 0.893750 0.935938 0.337500 0.270833
person 0.398438 0.435937 0.427083 0.366667
person 0.657812 0.865625 0.643750 0.443750
person 0.000000 0.242188 0.997917 0.320833
