person 0.573099 0.628655 0.636161 0.551339
person 0.214912 0.261696 0.848214 0.720982
person 0.612573 0.662281 0.832589 0.718750
person 0.542398 0.614035 0.857143 0.734375
person 0.596491 0.644737 0.816964 0.716518
person 0.557018 0.597953 0.812500 0.716518
person 0.519006 0.545322 0.517857 0.462054
person 0.706140 0.793860 0.645089 0.544643
person 0.387427 0.403509 0.868304 0.828125
person 0.328947 0.409357 0.941964 0.812500
person 0.568713 0.597953 0.680804 0.560268
person 0.535088 0.597953 0.569196 0.475446
person 0.478070 0.527778 0.582589 0.493304
person 0.375731 0.448830 0.696429 0.575893
