person 0.474874 0.675879 0.722078 0.298701
person 0.356784 0.551508 0.755844 0.306494
person 0.000000 0.179648 0.693506 0.285714
person 0.473618 0.685930 0.737662 0.285714
person 0.957286 0.998744 0.381818 0.342857
person 0.097990 0.315327 0.768831 0.264935
person 0.000000 1.000000 0.776623 0.270130
person 0.719849 0.930905 0.758442 0.301299
person 0.214824 0.438442 0.800000 0.262338
person 0.835427 0.998744 0.729870 0.306494
person 0.000000 0.065327 0.350649 0.303896
person 0.596734 0.802764 0.724675 0.296104
person 0.719849 0.924623 0.748052 0.327273
person 0.101759 0.302764 0.740260 0.267532
person 0.000000 0.189698 0.745455 0.259740
person 0.222362 0.435930 0.776623 0.283117
person 0.585427 0.802764 0.742857 0.275325
person 0.845477 0.998744 0.722078 0.301299
person 0.340452 0.559045 0.763636 0.283117
