person 0.229535 0.269663 0.298781 0.213415
person 0.650080 0.662921 0.247967 0.201220
person 0.290530 0.327448 0.280488 0.195122
person 0.207063 0.234350 0.286585 0.219512
person 0.415730 0.579454 0.548781 0.101626
person 0.349920 0.544141 0.597561 0.164634
person 0.611557 0.640449 0.256098 0.201220
person 0.085072 0.117175 0.325203 0.237805
person 0.120385 0.162119 0.286585 0.223577
person 0.144462 0.160514 0.245935 0.201220
person 0.160514 0.178170 0.284553 0.217480
person 0.324238 0.361156 0.278455 0.195122
person 0.683788 0.706260 0.258130 0.182927
person 0.253612 0.293740 0.296748 0.211382
