person 0.045802 0.436641 0.967949 0.123932
person 0.306870 0.406107 0.134615 0.006410
person 0.888550 0.984733 0.290598 0.089744
person 0.407634 0.912977 0.985043 0.173077
person 0.039695 0.436641 0.970085 0.119658
person 0.325191 0.448855 0.724359 0.519231
person 0.400000 0.506870 0.258547 0.027778
person 0.000000 1.000000 0.752137 0.002137
person 0.615267 0.697710 0.670940 0.476496
person 0.758779 0.925191 0.756410 0.540598
person 0.761832 0.925191 0.752137 0.544872
person 0.803053 0.908397 0.211538 0.012821
person 0.781679 0.888550 0.292735 0.106838
person 0.451908 0.600000 0.720085 0.450855
person 0.314504 0.401527 0.147436 0.017094
person 0.899237 1.000000 0.226496 0.000000
person 0.033588 0.149618 0.324786 0.132479
person 0.099237 0.204580 0.264957 0.034188
person 0.412214 0.520611 0.688034 0.429487
person 0.000000 0.074809 0.217949 0.010684
person 0.236641 0.338931 0.728632 0.485043
person 0.180153 0.302290 0.277778 0.000000
person 0.601527 0.711450 0.217949 0.021368
person 0.000000 0.090076 0.213675 0.012821
person 0.058015 0.143511 0.737179 0.401709
person 0.514504 0.586260 0.307692 0.128205
person 0.400000 0.500763 0.279915 0.019231
person 0.328244 0.447328 0.747863 0.512821
person 0.632061 0.702290 0.264957 0.136752
person 0.639695 0.761832 0.737179 0.521368
person 0.409160 0.914504 0.982906 0.170940
