person 0.621547 0.636740 0.379717 0.332547
person 0.635359 0.642265 0.377358 0.337264
person 0.486188 0.493094 0.365566 0.318396
person 0.668508 0.674033 0.379717 0.325472
person 0.657459 0.669890 0.375000 0.332547
person 0.643646 0.653315 0.375000 0.344340
person 0.444751 0.454420 0.365566 0.323113
person 0.324586 0.331492 0.353774 0.308962
person 0.723757 0.806630 0.396226 0.318396
person 0.569061 0.574586 0.370283 0.325472
person 0.494475 0.502762 0.375000 0.334906
person 0.573204 0.584254 0.370283 0.320755
