person 0.012500 0.068750 0.618750 0.491667
person 0.215625 0.289062 0.818750 0.679167
person 0.185937 0.235938 0.662500 0.564583
person 0.917188 0.962500 0.460417 0.377083
person 0.051562 0.114063 0.862500 0.791667
person 0.381250 0.404687 0.083333 0.047917
person 0.818750 0.893750 0.622917 0.539583
person 0.742188 0.815625 0.556250 0.462500
person 0.406250 0.443750 0.435417 0.285417
person 0.915625 0.992188 0.604167 0.491667
person 0.815625 0.873438 0.452083 0.387500
person 0.953125 0.993750 0.400000 0.318750
person 0.356250 0.426562 0.839583 0.768750
person 0.664062 0.729688 0.745833 0.622917
person 0.315625 0.389062 0.681250 0.575000
person 0.006250 0.051562 0.827083 0.754167
person 0.750000 0.839063 0.700000 0.618750
person 0.085938 0.137500 0.554167 0.454167
person 0.840625 0.898438 0.768750 0.706250
person 0.779688 0.882812 0.952083 0.841667
person 0.309375 0.406250 0.939583 0.814583
person 0.400000 0.418750 0.064583 0.029167
person 0.559375 0.592188 0.104167 0.039583
person 0.148438 0.212500 0.768750 0.654167
person 0.942187 0.996875 0.618750 0.535417
person 0.842188 0.904688 0.516667 0.429167
person 0.093750 0.145313 0.743750 0.660417
person 0.862500 0.910937 0.735417 0.641667
person 0.434375 0.504687 0.839583 0.791667
person 0.109375 0.217187 0.966667 0.814583
person 0.254687 0.335938 0.752083 0.629167
person 0.920313 0.993750 0.689583 0.556250
