person 0.988201 0.998525 0.309735 0.280973
person 0.405605 0.415929 0.973451 0.926991
person 0.920354 0.927729 0.362832 0.342920
person 0.573746 0.585546 0.794248 0.769912
person 0.451327 0.455752 0.123894 0.103982
person 0.886431 0.918879 0.305310 0.278761
person 0.901180 0.914454 0.457965 0.426991
person 0.766962 0.789086 0.457965 0.429204
person 0.971976 0.973451 0.451327 0.429204
person 0.676991 0.688791 0.522124 0.484513
person 0.122419 0.131268 0.546460 0.519912
person 0.033923 0.044248 0.486726 0.460177
person 0.505900 0.514749 0.995575 0.975664
person 0.911504 0.929204 0.887168 0.845133
person 0.830383 0.839233 0.982301 0.953540
person 0.601770 0.623894 0.924779 0.851770
person 0.886431 0.901180 0.889381 0.847345
person 0.327434 0.333333 0.194690 0.176991
person 0.607670 0.616519 0.581858 0.557522
person 0.864307 0.883481 0.462389 0.426991
person 0.216814 0.255162 0.380531 0.345133
person 0.845133 0.855457 0.750000 0.696903
person 0.833333 0.852507 0.455752 0.435841
person 0.458702 0.461652 0.126106 0.103982
person 0.361357 0.389381 0.205752 0.170354
person 0.246313 0.255162 0.139381 0.110619
person 0.134218 0.143068 0.320796 0.289823
person 0.703540 0.716814 0.522124 0.497788
person 0.688791 0.699115 0.977876 0.944690
person 0.309735 0.317109 0.327434 0.289823
person 0.120944 0.129794 0.077434 0.053097
person 0.672566 0.684366 0.592920 0.557522
person 0.777286 0.794985 0.995575 0.949115
person 0.868732 0.890855 0.995575 0.940265
person 0.380531 0.383481 0.962389 0.929204
person 0.429204 0.457227 0.969027 0.946903
person 0.921829 0.998525 0.730088 0.688053
person 0.780236 0.794985 0.803097 0.761062
person 0.039823 0.050147 0.077434 0.046460
person 0.097345 0.104720 0.077434 0.046460
person 0.321534 0.328909 0.966814 0.946903
person 0.169617 0.175516 0.077434 0.048673
person 0.635693 0.648968 0.692478 0.654867
person 0.970501 0.988201 0.309735 0.287611
person 0.623894 0.628319 0.913717 0.896018
person 0.825959 0.836283 0.369469 0.325221
person 0.064897 0.078171 0.544248 0.519912
person 0.446903 0.461652 0.898230 0.845133
person 0.815634 0.824484 0.805310 0.780973
person 0.982301 0.991150 0.889381 0.851770
person 0.008850 0.017699 0.570796 0.524336
person 0.529499 0.548673 0.900442 0.856195
person 0.312684 0.320059 0.964602 0.940265
person 0.684366 0.697640 0.747788 0.710177
person 0.392330 0.398230 0.966814 0.933628
person 0.435103 0.507375 0.809735 0.747788
person 0.150442 0.159292 0.077434 0.048673
person 0.735988 0.750737 0.725664 0.690265
person 0.430678 0.469027 0.070796 0.039823
person 0.343658 0.348083 0.075221 0.046460
person 0.101770 0.110619 0.495575 0.466814
person 0.980826 0.989676 0.371681 0.342920
person 0.154867 0.165192 0.314159 0.287611
person 0.005900 0.014749 0.486726 0.460177
person 0.550147 0.563422 0.977876 0.935841
person 0.641593 0.651917 0.579646 0.557522
person 0.035398 0.039823 0.422566 0.407080
person 0.028024 0.030973 0.424779 0.409292
person 0.421829 0.429204 0.128319 0.103982
person 0.340708 0.355457 0.964602 0.920354
person 0.010324 0.017699 0.420354 0.398230
person 0.859882 0.871681 0.365044 0.342920
person 0.629794 0.637168 0.924779 0.900442
person 0.914454 0.994100 0.597345 0.557522
person 0.318584 0.325959 0.075221 0.046460
person 0.625369 0.637168 0.787611 0.761062
person 0.333333 0.340708 0.205752 0.170354
person 0.473451 0.483776 0.964602 0.935841
person 0.876106 0.886431 0.889381 0.847345
person 0.054572 0.063422 0.073009 0.055310
person 0.833333 0.842183 0.750000 0.714602
person 0.927729 0.936578 0.365044 0.342920
person 0.896755 0.907080 0.356195 0.329646
person 0.538348 0.554572 0.741150 0.674779
person 0.877581 0.890855 0.309735 0.276549
person 0.679941 0.694690 0.747788 0.721239
person 0.088496 0.100295 0.495575 0.471239
person 0.802360 0.817109 0.453540 0.429204
person 0.740413 0.756637 0.464602 0.429204
person 0.818584 0.828909 0.292035 0.256637
person 0.812684 0.824484 0.984513 0.957965
person 0.604720 0.619469 0.681416 0.632743
person 0.516224 0.522124 0.991150 0.975664
person 0.175516 0.178466 0.073009 0.053097
person 0.094395 0.104720 0.210177 0.172566
person 0.707965 0.722714 0.469027 0.426991
person 0.663717 0.674041 0.730088 0.694690
person 0.865782 0.907080 0.725664 0.690265
person 0.761062 0.777286 0.606195 0.561947
person 0.474926 0.482301 0.962389 0.922566
person 0.823009 0.830383 0.980088 0.951327
person 0.302360 0.311209 0.194690 0.168142
person 0.833333 0.842183 0.800885 0.778761
person 0.551622 0.560472 0.800885 0.769912
person 0.271386 0.272861 0.134956 0.112832
person 0.523599 0.536873 0.789823 0.754425
person 0.740413 0.747788 0.515487 0.495575
person 0.002950 0.010324 0.646018 0.595133
person 0.958702 0.973451 0.365044 0.329646
person 0.028024 0.035398 0.272124 0.241150
person 0.936578 0.951327 0.889381 0.847345
person 0.949853 0.966077 0.893805 0.847345
