person 0.237113 0.371134 0.630531 0.283186
person 0.057437 0.256259 0.800885 0.203540
person 0.789396 0.832106 0.457965 0.285398
person 0.000000 1.000000 0.946903 0.099558
person 0.427099 0.502209 0.639381 0.245575
person 0.767305 0.973490 0.880531 0.097345
person 0.181149 0.241532 0.559735 0.289823
person 0.334315 0.528719 0.800885 0.225664
person 0.057437 0.145803 0.703540 0.238938
person 0.259205 0.307806 0.497788 0.314159
person 0.589102 0.614138 0.466814 0.285398
person 0.745214 0.801178 0.544248 0.289823
person 0.487482 0.612666 0.703540 0.223451
person 0.552283 0.773196 0.951327 0.168142
person 0.038292 0.097202 0.573009 0.280973
