person 0.629687 0.667188 0.756250 0.677083
person 0.667188 0.717188 0.916667 0.827083
person 0.190625 0.229687 0.368750 0.279167
person 0.706250 0.728125 0.383333 0.300000
person 0.239063 0.276563 0.483333 0.400000
person 0.734375 0.751562 0.368750 0.322917
person 0.423438 0.640625 0.997917 0.145833
person 0.721875 0.743750 0.910417 0.816667
person 0.626562 0.650000 0.900000 0.827083
person 0.298438 0.339063 0.322917 0.275000
person 0.193750 0.220313 0.922917 0.847917
person 0.192188 0.215625 0.477083 0.387500
