person 0.427012 0.431105 0.557416 0.533493
person 0.360164 0.362892 0.552632 0.538278
person 0.909959 0.956344 0.961722 0.799043
person 0.720327 0.735334 0.614833 0.566986
person 0.062756 0.076398 0.598086 0.574163
person 0.000000 0.189632 0.588517 0.509569
person 0.193724 0.201910 0.540670 0.511962
person 0.900409 0.912688 0.610048 0.566986
person 0.964529 0.984993 0.617225 0.593301
person 0.942701 0.956344 0.622010 0.574163
person 0.971351 0.986357 0.605263 0.564593
person 0.417462 0.425648 0.559809 0.531100
person 0.401091 0.409277 0.569378 0.535885
person 0.226467 0.672578 0.531100 0.497608
person 0.718963 0.723056 0.598086 0.566986
person 0.553888 0.560709 0.550239 0.526316
person 0.529332 0.536153 0.562201 0.533493
person 0.504775 0.507503 0.578947 0.555024
person 0.809004 0.824011 0.626794 0.566986
person 0.462483 0.472033 0.569378 0.533493
person 0.477490 0.482947 0.562201 0.528708
person 0.504775 0.512960 0.574163 0.543062
person 0.698499 0.878581 0.552632 0.490431
