person 0.107670 0.171091 0.537611 0.230089
person 0.356932 0.423304 0.661504 0.165929
person 0.246313 0.321534 0.630531 0.159292
person 0.216814 0.278761 0.606195 0.203540
person 0.399705 0.514749 0.710177 0.117257
person 0.023599 0.070796 0.473451 0.227876
person 0.784661 0.823009 0.460177 0.232301
person 0.508850 0.643068 0.780973 0.088496
person 0.758112 0.800885 0.462389 0.241150
person 0.035398 0.098820 0.493363 0.245575
person 0.802360 0.918879 0.884956 0.097345
person 0.728614 0.769912 0.329646 0.245575
person 0.000000 0.029499 0.329646 0.276549
person 0.895280 1.000000 0.995575 0.028761
person 0.089970 0.132743 0.340708 0.230089
person 0.176991 0.241888 0.573009 0.216814
