person 0.821875 0.843750 0.718750 0.627083
person 0.962500 0.976562 0.183333 0.102083
person 0.296875 0.320312 0.866667 0.795833
person 0.987500 0.993750 0.835417 0.777083
person 0.018750 0.053125 0.968750 0.845833
person 0.564062 0.576563 0.783333 0.725000
person 0.553125 0.576563 0.820833 0.712500
person 0.618750 0.639063 0.802083 0.700000
person 0.792188 0.817187 0.720833 0.635417
person 0.800000 0.812500 0.720833 0.672917
person 0.482812 0.517187 0.839583 0.731250
person 0.532812 0.550000 0.806250 0.731250
person 0.700000 0.712500 0.133333 0.100000
person 0.453125 0.485938 0.854167 0.739583
person 0.520312 0.550000 0.835417 0.725000
person 0.628125 0.642187 0.997917 0.939583
person 0.326562 0.342187 0.856250 0.783333
person 0.243750 0.279687 0.910417 0.789583
person 0.603125 0.625000 0.997917 0.954167
person 0.979688 0.989062 0.181250 0.095833
person 0.885938 0.898438 0.116667 0.075000
person 0.660937 0.689062 0.793750 0.677083
person 0.545313 0.554688 0.997917 0.987500
person 0.593750 0.623438 0.820833 0.704167
person 0.821875 0.829687 0.100000 0.062500
person 0.885938 0.907812 0.668750 0.585417
person 0.925000 0.942187 0.118750 0.083333
person 0.821875 0.835938 0.706250 0.660417
person 0.000000 0.018750 0.997917 0.860417
person 0.842188 0.850000 0.100000 0.066667
person 0.609375 0.620313 0.806250 0.718750
person 0.914062 0.918750 0.122917 0.077083
person 0.046875 0.079687 0.952083 0.825000
person 0.971875 0.979688 0.841667 0.775000
person 0.400000 0.425000 0.862500 0.747917
person 0.975000 0.989062 0.677083 0.589583
person 0.575000 0.592188 0.997917 0.970833
person 0.950000 0.956250 0.139583 0.085417
person 0.414062 0.425000 0.835417 0.760417
person 0.381250 0.404687 0.883333 0.762500
person 0.285937 0.326562 0.902083 0.783333
person 0.326562 0.351562 0.885417 0.770833
person 0.720312 0.740625 0.995833 0.908333
person 0.748438 0.765625 0.987500 0.891667
person 0.664062 0.685938 0.779167 0.720833
person 0.501562 0.517187 0.810417 0.750000
