person 0.418750 0.442187 0.997917 0.954167
person 0.131250 0.150000 0.939583 0.891667
person 0.603125 0.618750 0.910417 0.875000
person 0.171875 0.189063 0.964583 0.918750
person 0.232812 0.262500 0.962500 0.910417
person 0.907812 0.921875 0.479167 0.450000
person 0.301562 0.325000 0.997917 0.929167
person 0.542188 0.554688 0.910417 0.852083
person 0.195312 0.214062 0.929167 0.904167
person 0.206250 0.221875 0.881250 0.833333
person 0.934375 0.946875 0.993750 0.937500
person 0.089062 0.112500 0.893750 0.839583
person 0.045313 0.076563 0.931250 0.852083
person 0.648438 0.668750 0.885417 0.810417
person 0.540625 0.560938 0.983333 0.910417
person 0.548437 0.562500 0.841667 0.808333
person 0.654688 0.675000 0.922917 0.885417
person 0.753125 0.776563 0.993750 0.972917
person 0.887500 0.914062 0.987500 0.916667
person 0.617188 0.626562 0.941667 0.891667
person 0.645312 0.665625 0.993750 0.947917
person 0.176563 0.200000 0.897917 0.812500
person 0.221875 0.240625 0.997917 0.956250
person 0.446875 0.464063 0.997917 0.956250
person 0.628125 0.643750 0.993750 0.964583
person 0.018750 0.051562 0.852083 0.804167
person 0.634375 0.650000 0.935417 0.877083
person 0.945312 0.951563 0.487500 0.462500
person 0.912500 0.929688 0.462500 0.435417
person 0.196875 0.212500 0.993750 0.964583
person 0.607813 0.623438 0.997917 0.947917
person 0.035937 0.070312 0.954167 0.914583
person 0.556250 0.578125 0.902083 0.847917
person 0.782812 0.800000 0.997917 0.972917
person 0.593750 0.606250 0.956250 0.904167
person 0.532812 0.543750 0.843750 0.810417
person 0.631250 0.645312 0.864583 0.800000
person 0.815625 0.832812 0.993750 0.931250
person 0.515625 0.529688 0.854167 0.804167
person 0.850000 0.854688 0.479167 0.445833
person 0.912500 0.937500 0.972917 0.906250
person 0.343750 0.367188 0.993750 0.950000
person 0.071875 0.095312 0.893750 0.829167
person 0.984375 0.998438 0.952083 0.875000
person 0.587500 0.604688 0.997917 0.954167
person 0.970312 0.987500 0.997917 0.918750
person 0.262500 0.281250 0.956250 0.916667
person 0.514063 0.535937 0.993750 0.947917
person 0.565625 0.585938 0.997917 0.927083
person 0.221875 0.245312 0.904167 0.833333
person 0.615625 0.626562 0.852083 0.802083
person 0.240625 0.259375 0.993750 0.947917
person 0.612500 0.629687 0.943750 0.897917
person 0.615625 0.628125 0.941667 0.895833
person 0.934375 0.967188 0.877083 0.810417
person 0.592188 0.614062 0.885417 0.814583
person 0.003125 0.026563 0.943750 0.889583
person 0.025000 0.045313 0.941667 0.860417
person 0.865625 0.890625 0.997917 0.925000
person 0.937500 0.964063 0.975000 0.897917
person 0.276563 0.306250 0.997917 0.954167
person 0.704687 0.726562 0.993750 0.931250
person 0.523438 0.532812 0.943750 0.870833
person 0.670313 0.692187 0.977083 0.916667
person 0.796875 0.815625 0.997917 0.962500
person 0.054688 0.067188 0.852083 0.820833
person 0.985937 0.993750 0.489583 0.472917
person 0.210938 0.223438 0.987500 0.937500
person 0.837500 0.867188 0.997917 0.927083
person 0.365625 0.395312 0.997917 0.941667
person 0.503125 0.521875 0.952083 0.870833
person 0.254687 0.289062 0.997917 0.956250
person 0.084375 0.106250 0.981250 0.891667
person 0.001563 0.020312 0.887500 0.854167
person 0.898438 0.903125 0.485417 0.456250
person 0.200000 0.210938 0.887500 0.829167
person 0.101562 0.123438 0.964583 0.929167
person 0.190625 0.207813 0.968750 0.925000
person 0.187500 0.210938 0.964583 0.925000
