person 0.653125 0.668750 0.025000 0.002083
person 0.000000 0.031250 0.147917 0.000000
person 0.431250 0.460938 0.095833 0.000000
person 0.510938 0.534375 0.064583 0.004167
person 0.467187 0.487500 0.072917 0.000000
person 0.407813 0.434375 0.104167 0.000000
person 0.543750 0.565625 0.062500 0.000000
person 0.175000 0.203125 0.064583 0.000000
person 0.156250 0.176563 0.056250 0.000000
person 0.709375 0.773438 0.056250 0.002083
person 0.812500 0.839063 0.095833 0.012500
person 0.359375 0.392188 0.047917 0.000000
person 0.690625 0.709375 0.050000 0.008333
person 0.775000 0.821875 0.095833 0.000000
person 0.918750 0.943750 0.066667 0.012500
person 0.870313 0.914062 0.064583 0.018750
person 0.835938 0.878125 0.127083 0.000000
person 0.945312 0.998438 0.077083 0.016667
person 0.017188 0.043750 0.139583 0.002083
person 0.053125 0.087500 0.114583 0.000000
person 0.487500 0.504687 0.068750 0.008333
