person 0.205772 0.299875 0.740260 0.475325
person 0.125471 0.209536 0.875325 0.277922
person 0.867001 0.937265 0.807792 0.192208
person 0.038896 0.214555 0.776623 0.623377
person 0.865747 0.966123 0.872727 0.254545
person 0.427854 0.553325 0.722078 0.241558
person 0.055207 0.271016 0.844156 0.735065
person 0.498118 0.559599 0.709091 0.236364
person 0.203262 0.283563 0.722078 0.270130
person 0.190715 0.503137 0.893506 0.690909
person 0.485571 0.662484 0.883117 0.750649
person 0.721455 0.861982 0.823377 0.267532
