person 0.410898 0.511046 0.725055 0.248337
person 0.480118 0.606775 0.674058 0.230599
person 0.742268 0.855670 0.370288 0.137472
person 0.000000 0.944035 0.170732 0.037694
person 0.478645 0.547864 0.237251 0.148559
person 0.911635 0.939617 0.135255 0.059867
person 0.734904 0.885125 0.718404 0.239468
person 0.341679 0.428571 0.330377 0.130820
person 0.055965 0.913108 0.962306 0.113082
person 0.729013 0.891016 0.782705 0.274945
person 0.695140 0.911635 0.882483 0.303769
person 0.409426 0.483063 0.423503 0.152993
person 0.481591 0.780560 0.968958 0.330377
person 0.521355 0.621502 0.325942 0.119734
person 0.817379 0.913108 0.463415 0.203991
person 0.690722 0.770250 0.503326 0.159645
person 0.303387 0.452136 0.782705 0.239468
