person 0.537405 0.674809 0.792735 0.170940
person 0.894656 0.926718 0.284188 0.213675
person 0.393893 0.424427 0.294872 0.232906
person 0.619847 0.662595 0.059829 0.000000
person 0.693130 0.716031 0.303419 0.260684
person 0.497710 0.548092 0.036325 0.000000
person 0.789313 1.000000 0.311966 0.166667
person 0.299237 0.338931 0.311966 0.252137
person 0.532824 0.726718 0.779915 0.168803
person 0.658015 0.702290 0.049145 0.000000
person 0.935878 0.981679 0.299145 0.166667
person 0.184733 0.291603 0.784188 0.307692
person 0.717557 0.746565 0.303419 0.207265
person 0.406107 0.516031 0.641026 0.224359
person 0.297710 0.427481 0.307692 0.230769
