person 0.316964 0.357143 0.870614 0.605263
person 0.666667 0.833333 0.280702 0.004386
person 0.056548 0.108631 0.070175 0.000000
person 0.245536 0.281250 0.076754 0.000000
person 0.476190 0.535714 0.837719 0.664474
person 0.002976 0.370536 1.000000 0.168860
person 0.851190 0.918155 0.837719 0.686404
person 0.239583 0.288690 0.067982 0.000000
person 0.665179 0.799107 0.289474 0.010965
person 0.491071 0.537202 0.820175 0.675439
person 0.068452 0.102679 0.061404 0.000000
person 0.840774 0.931548 0.855263 0.675439
