person 0.902798 0.960236 0.287611 0.188053
person 0.066274 0.425626 0.823009 0.632743
person 0.966127 0.998527 0.289823 0.207965
person 0.198822 0.281296 0.530973 0.172566
person 0.693667 0.759941 0.221239 0.024336
person 0.826215 0.898380 0.285398 0.157080
person 0.128130 0.201767 0.542035 0.168142
person 0.235641 0.310751 0.199115 0.075221
person 0.405007 0.455081 0.146018 0.050885
person 0.000000 0.048601 0.309735 0.168142
person 0.964654 0.998527 0.207965 0.070796
person 0.000000 1.000000 0.820796 0.026549
person 0.169367 0.219440 0.150442 0.048673
