person 0.848444 0.924222 0.549398 0.409639
person 0.884980 1.000000 1.000000 0.342169
person 0.296346 0.346414 0.554217 0.469880
person 0.733424 0.824087 0.546988 0.404819
person 0.175913 0.274696 0.925301 0.443374
person 0.227334 0.271989 0.534940 0.397590
person 0.665765 0.924222 0.763855 0.407229
person 0.859269 0.889039 0.508434 0.428916
person 0.403248 0.499323 0.828916 0.404819
person 0.861976 0.890392 0.508434 0.431325
person 0.000000 0.633288 0.978313 0.402410
person 0.006766 0.177267 0.973494 0.387952
