person 0.641582 0.755102 0.997442 0.207161
person 0.607143 0.846939 1.000000 0.370844
person 0.598214 0.672194 0.381074 0.109974
person 0.286990 0.424745 1.000000 0.347826
person 0.596939 0.673469 0.365729 0.107417
person 0.744898 0.887755 0.483376 0.089514
person 0.608418 0.846939 1.000000 0.365729
person 0.511480 0.630102 0.624041 0.207161
person 0.519133 0.607143 0.997442 0.414322
person 0.405612 0.561224 1.000000 0.575448
person 0.031888 0.998724 1.000000 0.058824
person 0.163265 0.288265 1.000000 0.664962
person 0.521684 0.604592 1.000000 0.419437
person 0.130102 0.519133 0.992327 0.120205
person 0.159439 0.286990 1.000000 0.664962
person 0.571429 0.693878 1.000000 0.516624
person 0.040816 0.160714 1.000000 0.360614
person 0.035714 0.164541 1.000000 0.363171
person 0.704082 0.785714 0.393862 0.076726
person 0.396684 0.522959 0.746803 0.411765
person 0.854592 0.998724 0.994885 0.171356
person 0.301020 0.521684 0.994885 0.613811
person 0.567602 0.692602 1.000000 0.508951
person 0.464286 0.595663 0.432225 0.061381
person 0.645408 0.756378 0.519182 0.204604
person 0.701531 0.882653 0.989770 0.273657
person 0.306122 0.525510 1.000000 0.616368
