person 0.483776 0.542773 0.639381 0.453540
person 0.215339 0.289086 0.626106 0.457965
person 0.710914 0.762537 0.652655 0.473451
person 0.432153 0.597345 0.814159 0.497788
person 0.734513 0.828909 0.767699 0.506637
person 0.318584 0.373156 0.539823 0.444690
person 0.439528 0.500000 0.727876 0.460177
person 0.000000 1.000000 0.946903 0.300885
person 0.833333 0.952802 0.851770 0.300885
person 0.432153 0.597345 0.745575 0.495575
person 0.253687 0.314159 0.548673 0.429204
person 0.262537 0.339233 0.641593 0.482301
person 0.000000 0.107670 0.896018 0.477876
person 0.066372 0.144543 0.714602 0.451327
person 0.585546 0.728614 0.765487 0.491150
