person 0.556250 0.750000 0.818750 0.341667
person 0.718750 0.776563 0.485417 0.227083
person 0.684375 0.723437 0.368750 0.264583
person 0.071875 0.132812 0.372917 0.231250
person 0.168750 0.353125 0.560417 0.100000
person 0.035937 0.076563 0.341667 0.204167
person 0.376563 0.556250 0.885417 0.170833
person 0.750000 0.906250 0.764583 0.366667
person 0.889063 0.940625 0.418750 0.279167
person 0.000000 0.101562 0.712500 0.158333
person 0.939062 0.965625 0.418750 0.277083
person 0.965625 0.996875 0.404167 0.293750
person 0.218750 0.387500 0.529167 0.093750
person 0.853125 0.889063 0.383333 0.283333
person 0.075000 0.126563 0.364583 0.227083
person 0.462500 0.643750 0.793750 0.070833
