person 0.835218 0.938611 0.656566 0.383838
person 0.852989 0.975767 0.383838 0.090909
person 0.520194 0.646204 0.965657 0.743434
person 0.053312 0.189015 0.672727 0.361616
person 0.243942 0.274637 0.555556 0.486869
person 0.282714 0.423263 0.682828 0.440404
person 0.379645 0.513732 0.333333 0.074747
person 0.153473 0.321486 0.957576 0.773737
person 0.689822 0.789984 0.959596 0.769697
person 0.549273 0.662359 0.347475 0.080808
person 0.323102 0.394184 0.757576 0.676768
person 0.828756 0.935380 0.658586 0.381818
person 0.326333 0.350565 0.915152 0.874747
person 0.508885 0.575121 0.701010 0.470707
person 0.208401 0.253635 0.553535 0.503030
person 0.756058 0.802908 0.325253 0.208081
person 0.735057 0.760905 0.305050 0.236364
person 0.785137 0.964459 0.969697 0.652525
person 0.463651 0.515347 0.850505 0.739394
person 0.676898 0.701131 0.264646 0.193939
person 0.638126 0.752827 0.733333 0.486869
person 0.025848 0.124394 0.967677 0.690909
person 0.397415 0.497577 0.923232 0.739394
person 0.221325 0.258481 0.652525 0.593939
person 0.206785 0.376414 0.296970 0.119192
person 0.035541 0.208401 0.347475 0.096970
