person 0.999547004699707 0.34134015 0.48549446 0.2808748 0.75793046
person 0.9983183145523071 0.05594472 0.11816745 0.32938188 0.6092111
person 0.994503915309906 0.13960204 0.18598509 0.3564375 0.59728247
person 0.9697445631027222 0.65639496 0.703549 0.35760045 0.50970626
person 0.9696937799453735 0.08244687 0.33574188 0.3735298 0.8086966
person 0.9649038314819336 0.7510946 0.82378864 0.39940447 0.5563975
person 0.9598552584648132 0.9327712 0.9744606 0.3677987 0.48559862
person 0.91975998878479 -0.0031408314 0.03097658 0.36072004 0.6104311
person 0.7214938998222351 0.64628524 0.6737161 0.3664068 0.50790393
person 0.6497828960418701 0.67478585 0.7234671 0.3462714 0.5070074
person 0.5590663552284241 0.79168916 0.8442563 0.34777483 0.5386736
