person 0.9041037559509277 0.36439136 0.378494 0.9176187 0.9574415
person 0.8907313346862793 0.3826029 0.39470264 0.9185906 0.954047
person 0.8809723258018494 0.4849723 0.49544293 0.91790503 0.9445558
person 0.8556898236274719 0.6591805 0.67476463 0.919597 0.9549147
person 0.8338775634765625 0.51887935 0.53049904 0.9162026 0.94512063
person 0.8253681659698486 0.1999045 0.2154307 0.92612976 0.9667141
person 0.8157144784927368 0.4300669 0.4413084 0.9152735 0.942686
person 0.7998064756393433 0.8462881 0.8628162 0.92870617 0.96976936
person 0.797754168510437 0.3373158 0.34804726 0.91198987 0.94507915
person 0.7853895425796509 0.8031836 0.81736416 0.9223314 0.9419766
person 0.7664520144462585 0.7154845 0.7275585 0.9192023 0.94983935
person 0.7615544199943542 0.5823726 0.59384996 0.9162472 0.9430986
person 0.5866289734840393 0.69268966 0.7084682 0.92125225 0.95362973
person 0.5813547372817993 0.55875057 0.5695842 0.91683006 0.94311035
person 0.5630366206169128 0.4135362 0.42245853 0.91546243 0.9384993
person 0.549301266670227 0.7544187 0.7655762 0.91587573 0.93662566
person 0.5256683826446533 0.6740662 0.689811 0.92135584 0.951782
person 0.5193736553192139 0.5118666 0.5212105 0.91584724 0.94142574
