person 0.9994432926177979 0.35347253 0.6129392 0.4649055 0.95509017
person 0.9991162419319153 0.62512934 0.8810568 0.4184239 0.86526954
person 0.9936209321022034 0.09680608 0.26639166 0.2230113 0.5073929
person 0.984222948551178 0.36683738 0.5299473 0.12111297 0.39088556
person 0.9754641056060791 0.23008585 0.35885477 0.31661665 0.65154296
person 0.9669911861419678 0.67051375 0.8925786 0.006024435 0.2692588
person 0.9576948881149292 0.6792019 0.94828767 0.2422782 0.5898402
person 0.9508072733879089 0.21935497 0.3647474 0.06487447 0.27831778
person 0.9152785539627075 0.057069197 0.1598643 0.15893024 0.3240936
person 0.9063368439674377 0.4597228 0.5789084 0.0074795783 0.20691188
person 0.8868988156318665 0.66918296 0.77633554 0.1982698 0.46538073
person 0.841651439666748 0.043253265 0.14015308 0.23597534 0.40588087
person 0.8260003328323364 0.15081933 0.25253132 0.078772075 0.24502155
person 0.7419425249099731 0.5314878 0.714466 0.66672546 1.0026432
person 0.739170253276825 0.56275517 0.65629405 0.29771605 0.48357937
person 0.6910936832427979 0.28949732 0.41295147 0.00049586594 0.2120032
person 0.5324387550354004 0.33833477 0.41590706 0.19510993 0.3594822
