person 0.9979875087738037 0.54754853 0.9685118 0.60686445 0.9969436
person 0.9974755048751831 0.320337 0.46899992 0.41974777 0.5985413
person 0.9953421950340271 -0.0038021356 0.24205375 0.28948224 0.9944366
person 0.9951955080032349 0.52607924 0.68120354 0.4397565 0.62367415
person 0.9926603436470032 0.31875852 0.4918973 0.6109359 0.9900054
person 0.9640247225761414 0.6459776 0.8643092 0.4383446 0.656137
person 0.9639562368392944 0.15152009 0.25197792 0.36885554 0.5290158
person 0.9592317342758179 0.2381023 0.3339029 0.33026972 0.56953144
person 0.9208168387413025 0.619539 0.7098472 0.35817012 0.54074836
person 0.899917721748352 0.8117993 0.94663775 0.28196812 0.50578684
person 0.8334419131278992 0.58573216 0.6393122 0.29662287 0.44303203
person 0.6805345416069031 0.5059249 0.5455455 0.3374044 0.40960035
person 0.6744815707206726 0.9434695 0.9986317 0.26431274 0.47672975
person 0.6422240734100342 0.11165875 0.8863612 0.27370948 0.56275743
person 0.6390529870986938 0.17043664 0.24953263 0.31634727 0.43140194
person 0.5991194844245911 0.35303068 0.42588085 0.37335974 0.4473489
person 0.553120493888855 0.528317 0.5718831 0.3600385 0.43905535
person 0.545429527759552 0.47186378 0.5153588 0.28447005 0.44121423
