person 0.8456064462661743 0.77036965 0.78458214 0.32189354 0.3921382
person 0.8102525472640991 0.57321435 0.58753055 0.32447034 0.38249743
person 0.7264072895050049 0.7892215 0.80822885 0.32169497 0.40117043
person 0.7009119987487793 0.48796684 0.499808 0.326041 0.37584034
person 0.6957095265388489 0.65907174 0.67355865 0.32448706 0.3855857
person 0.6937798261642456 0.44477418 0.45826915 0.32237864 0.36533302
person 0.6772598624229431 0.32199395 0.33784878 0.30808488 0.35907444
person 0.6673915982246399 0.7284561 0.74263066 0.32190633 0.3874414
person 0.6409579515457153 0.63509464 0.65031826 0.3282902 0.3842604
person 0.6334333419799805 0.75261337 0.76752573 0.32308784 0.38827118
person 0.5928045511245728 0.62188655 0.63569444 0.3267643 0.3844731
