person 0.9904648065567017 0.7179864 0.7309118 0.5681646 0.6101301
person 0.9843478202819824 0.91280925 0.9543896 0.7893954 0.95064574
person 0.9078436493873596 0.81076133 0.82461524 0.56500703 0.6190688
person 0.8869096040725708 0.5286058 0.5368036 0.5347635 0.56038314
person 0.8320307731628418 0.40293255 0.4120765 0.53546953 0.5654793
person 0.815382719039917 0.4645295 0.47361106 0.53436637 0.5615747
person 0.7925864458084106 0.89572173 0.90885836 0.56341434 0.60939217
person 0.7900508046150208 0.93955463 0.9533228 0.57241935 0.6247578
person 0.7373547554016113 0.96923864 0.984851 0.5653304 0.6161094
person 0.6661202311515808 0.50248903 0.5140626 0.54784435 0.5761221
person 0.6585734486579895 0.42340225 0.4313153 0.53146595 0.5563168
person 0.566093921661377 0.060254328 0.07439349 0.53356826 0.5637301
