person 0.9885674715042114 0.28553542 0.31033936 0.44983578 0.53520745
person 0.972561240196228 0.030646335 0.0650167 0.44135004 0.51599306
person 0.8845559358596802 0.6475678 0.673116 0.47091416 0.51047987
person 0.8775758147239685 0.20305374 0.23850155 0.4793782 0.52975756
person 0.8526783585548401 0.26730728 0.28422302 0.47678217 0.52891195
person 0.7811910510063171 0.57284045 0.59510934 0.46979427 0.5004473
person 0.7318699359893799 0.79284066 0.81074625 0.47024745 0.50552064
person 0.7299304008483887 0.19580686 0.21978709 0.48288295 0.5273702
person 0.6714639067649841 0.43043765 0.44533983 0.4592307 0.4894329
person 0.5802246928215027 0.43685344 0.45337448 0.48609337 0.52564746
person 0.5673631429672241 0.45590782 0.4704138 0.45720503 0.48116347
person 0.5070289969444275 0.79335743 0.80982774 0.46187937 0.49285287
