person 0.9528570771217346 0.29267535 0.3387843 0.46840894 0.54887295
person 0.9524199962615967 0.008384518 0.17730471 0.35690287 0.98183846
person 0.9168267846107483 0.69067293 0.7465473 0.43588358 0.5975184
person 0.9033518433570862 0.5481906 0.5856428 0.4568438 0.528959
person 0.8524647355079651 0.33367583 0.37117448 0.46853292 0.5269051
person 0.7903953194618225 0.86495066 0.9165418 0.41299447 0.5520752
person 0.786430835723877 0.8035736 0.85848045 0.41103315 0.5362989
person 0.7778605818748474 0.1748134 0.26866037 0.43854883 0.60383177
person 0.7281374335289001 0.0006191544 0.055630125 0.41864032 0.6059218
person 0.6845989227294922 0.47477013 0.5368076 0.42309892 0.5648584
person 0.6384906768798828 0.38032204 0.51207936 0.38861763 0.8118223
person 0.6361701488494873 0.2224346 0.2795757 0.39972264 0.5571283
person 0.5808387994766235 0.88848424 0.99694014 0.3618109 0.9089614
person 0.5604158043861389 0.7226341 0.8503765 0.45080632 0.5713275
