person 0.9985661506652832 0.69818366 0.88843226 0.28850293 0.9933891
person 0.9976345896720886 0.030613072 0.16284236 0.36433053 0.9903741
person 0.9974815249443054 0.2977252 0.4330061 0.37160215 0.8957387
person 0.9945389032363892 0.5669639 0.6976439 0.48469856 1.0225424
person 0.991139829158783 0.59192973 0.6769087 0.10470055 0.37353277
person 0.9784078598022461 0.39855188 0.5600383 0.54765594 1.02869
person 0.9779371023178101 0.5068442 0.6213682 0.23133756 0.5642414
person 0.9764591455459595 0.2372698 0.32771623 0.11138582 0.376234
person 0.9636532664299011 0.14762628 0.2988544 0.6595964 1.0080178
person 0.9618843793869019 0.8415495 0.9967227 0.15870282 1.0193758
person 0.9540132880210876 0.35074228 0.445557 0.11286929 0.3652146
person 0.9353861808776855 0.46837664 0.57563484 0.05948198 0.42079467
person 0.8605999946594238 0.39126194 0.51386327 0.22668913 0.578629
person 0.852946937084198 0.7597226 0.8794259 0.09646574 0.4845179
person 0.8514789938926697 0.1326439 0.31008303 0.23833486 0.9242822
person 0.8322798013687134 0.26357913 0.36211073 0.21502593 0.57608044
person 0.8148198127746582 0.5157662 0.61349803 0.40274858 0.7829813
person 0.7888462543487549 0.64358234 0.7550967 0.21910314 0.5199913
person 0.7622818946838379 0.3092857 0.43731165 0.57837105 0.9955635
person 0.7324625849723816 0.12288749 0.2206119 0.20351498 0.5916268
person 0.7291474938392639 0.70370406 0.7732846 0.08110697 0.32858777
person 0.7171723246574402 0.40855855 0.53040177 0.39921588 0.77832705
person 0.6646691560745239 0.63285613 0.72385573 0.3961922 0.9531138
