person 0.9705937504768372 0.8320384 0.966717 0.33305547 0.8497819
person 0.9129979610443115 0.3425722 0.48679107 0.49141824 0.86303854
person 0.8598921298980713 0.440402 0.5123195 0.45903075 0.64138055
person 0.8551866412162781 0.71189827 0.76639444 0.47755513 0.632162
person 0.8284435868263245 0.06592994 0.1377283 0.4629845 0.6413123
person 0.7841196060180664 0.6761129 0.7162807 0.47853503 0.5689317
person 0.7621502876281738 0.26005533 0.3137261 0.4348995 0.5509655
person 0.7419887185096741 0.144698 0.27240536 0.49301702 0.7727112
person 0.6928781867027283 0.47042727 0.59089494 0.48555112 0.7782098
person 0.6928586959838867 0.21705993 0.25388765 0.4638164 0.5572082
person 0.6763062477111816 0.3292221 0.37301335 0.44226924 0.541079
person 0.6415259838104248 0.57914615 0.715067 0.48496494 0.6879941
person 0.5951454639434814 0.5848642 0.62634045 0.48798084 0.564821
person 0.5610336065292358 0.0014156997 0.09682779 0.47915244 0.7892879
