person 0.9986934065818787 0.1937659 0.36077398 0.10486093 0.5506928
person 0.997626006603241 0.75691926 0.91863775 0.35762984 0.75793916
person 0.9933808445930481 0.38053852 0.5620337 0.1460113 0.8869582
person 0.992378294467926 0.7163558 0.78368807 0.22625293 0.4788398
person 0.983153760433197 0.5846449 0.753427 0.33905417 0.7913094
person 0.9780839681625366 0.8555762 0.89053553 0.2836296 0.3778196
person 0.9780125021934509 0.00061473623 0.11431764 0.07323769 0.8177519
person 0.916944682598114 0.068439044 0.12632039 0.22729328 0.3710386
person 0.8687852621078491 0.9122133 0.9425986 0.2693497 0.41662788
person 0.7943314909934998 0.48964456 0.6284792 0.08043453 0.65266025
person 0.7574303150177002 0.9607412 0.99424905 0.28330582 0.40244257
person 0.7517707943916321 0.69064313 0.72147495 0.27257928 0.36435267
person 0.5730082392692566 0.04241084 0.08020504 0.21749346 0.33929408
person 0.5473917126655579 0.9365219 0.96792316 0.2830058 0.4030073
