person 0.9988317489624023 0.028339416 0.48311573 0.34936458 1.0075476 
person 0.9903709292411804 0.8909865 0.37786084 0.9991059 0.7187831 
person 0.9726343154907227 0.20715742 0.36141613 0.31665355 0.68671167 
person 0.9722874760627747 0.8132251 0.70300996 0.98976654 1.0130343 
person 0.9712360501289368 0.61426467 0.30536294 0.7262626 0.5840772 
person 0.9627390503883362 0.5020503 0.39224607 0.6043612 0.6664098 
person 0.9508911371231079 0.69934446 0.16589214 0.80451006 0.40970188 
person 0.9436586499214172 0.00014685094 0.4766646 0.11534922 0.9463722 
person 0.9423925876617432 0.8048205 0.34402788 0.91281396 0.70293117 
person 0.8899053931236267 0.4276821 0.41983056 0.5490051 0.677217 
person 0.8813897967338562 0.47808293 0.27730358 0.56751513 0.46698034 
person 0.8806797862052917 0.30829737 0.39421648 0.4196228 0.6435396 
person 0.8774511218070984 0.17233522 0.27201703 0.27747238 0.51838744 
person 0.8433669209480286 0.66704917 0.74253833 0.8314868 1.0026459 
person 0.8064408898353577 0.39139336 0.32693136 0.47107118 0.6131274 
person 0.7219552397727966 0.30836466 0.315475 0.3976842 0.50332224 
backpack 0.7025413513183594 0.06630133 0.39669126 0.17549142 0.5646274 
chair 0.6968711614608765 0.51805425 0.112951815 0.6224499 0.37221202 
person 0.6399353742599487 0.6722735 0.42677462 0.8296772 0.6975887 
