chair 0.9987039566040039 0.1949634 0.7858577 0.35413867 1.0001961 
chair 0.9974814653396606 0.3742886 0.7328322 0.5200714 0.9896941 
chair 0.9971594214439392 0.05618511 0.7444064 0.18731265 0.9938151 
person 0.9929730892181396 0.85495293 0.45521244 0.9450457 0.59008193 
chair 0.983789324760437 0.8041182 0.68937045 0.913055 0.948927 
chair 0.961327075958252 0.23678929 0.610912 0.35668755 0.7074202 
chair 0.9566916823387146 0.15551083 0.6692947 0.24338983 0.74517405 
chair 0.9385139346122742 0.7605016 0.662127 0.8319571 0.9165981 
chair 0.9289021492004395 0.4673757 0.66921365 0.51329905 0.7433256 
chair 0.7302963137626648 0.3238077 0.65259606 0.4001443 0.70407814 
diningtable 0.7240117192268372 0.12765664 0.7006232 0.46770275 0.8989952 
wine glass 0.7095274329185486 0.36448961 0.6849427 0.39312702 0.7528162 
wine glass 0.5478708148002625 0.22812821 0.70425165 0.26096284 0.77213347 
person 0.5392737984657288 0.37534335 0.5006748 0.41048655 0.55314285 
