person 0.9980909824371338 0.7271222 -0.02040185 0.8785945 0.436516 
person 0.9976696372032166 0.5343487 0.40336666 0.96334505 1.0161059 
person 0.9924280643463135 0.19810082 -0.003132254 0.32074556 0.4240174 
person 0.9918196201324463 0.017612591 -0.0064255744 0.16922961 0.33590627 
person 0.9900368452072144 0.43024468 -0.04275699 0.56317425 0.46991462 
person 0.9639074206352234 0.60686487 -0.0058606714 0.72385913 0.26237148 
person 0.9617887139320374 0.29771832 -0.012082994 0.3833628 0.51134163 
person 0.9163179397583008 0.8157804 0.19636166 0.9997741 0.9356233 
person 0.9077274799346924 0.4857034 0.058389217 0.764669 0.8090019 
person 0.8849784135818481 -0.0010990798 0.12027094 0.11900623 0.68604743 
person 0.8133376836776733 0.047411516 0.20671597 0.23018833 0.44452217 
person 0.7831145524978638 0.40582386 0.32499665 0.5467242 0.7228573 
person 0.6286618113517761 0.004179571 0.019719593 0.056433927 0.17806157 
