person 0.9854335188865662 0.43144205 0.2771038 0.55904096 0.4274393 
person 0.9786298871040344 0.5982712 0.26550978 0.7222163 0.41848493 
person 0.9659451246261597 0.5269566 0.2037988 0.60206836 0.36596426 
person 0.9337592720985413 0.8628594 0.2632066 0.9977084 0.44884312 
tie 0.8967978358268738 0.6425628 0.34449756 0.65599626 0.4106118 
tie 0.8069639801979065 0.9072358 0.35814494 0.93171006 0.42269146 
person 0.7734441161155701 0.000601992 0.4553401 0.1435879 0.646733 
cup 0.6742168068885803 0.71411955 0.41502178 0.7348063 0.44645643 
cup 0.6372260451316833 0.0032411246 0.6057195 0.019766368 0.6499217 
cup 0.5358957648277283 0.7321141 0.4155189 0.75614727 0.445195 
