person 0.9984013438224792 0.7841739 0.117464386 0.8904355 0.29302946 
person 0.9958087205886841 0.046008855 0.11996338 0.45216423 1.0016372 
person 0.9921774864196777 0.045632202 0.13208342 0.14367472 0.31450862 
person 0.9908404350280762 0.6925006 0.120303445 0.7862077 0.28831616 
person 0.9841247797012329 0.18194622 -0.01020284 0.30248874 0.26706654 
person 0.9811421632766724 0.45267928 0.513972 0.6104338 0.74605423 
person 0.9782291054725647 0.89486593 0.11717263 0.9904949 0.29166862 
person 0.9779953360557556 0.40294796 0.024907172 0.50381255 0.2995246 
person 0.9748067855834961 0.5988732 0.014944769 0.7176133 0.20582706 
person 0.9623517394065857 0.43379557 0.22235665 0.96855974 0.91730905 
person 0.9359895586967468 0.32995477 0.52958393 0.45428243 0.7328595 
person 0.9285523891448975 0.04404345 0.40509874 0.14468987 0.7277698 
person 0.9273029565811157 0.90253973 -0.0027097538 1.0035683 0.17600918 
person 0.8782970309257507 0.7938365 0.01092165 0.9146656 0.20738655 
person 0.8628356456756592 0.6185191 0.14128691 0.70797676 0.26308805 
person 0.8431077003479004 0.12088618 0.040858343 0.20360902 0.29219067 
person 0.8019213080406189 0.0020458065 0.007055491 0.084372595 0.28231975 
person 0.785629391670227 0.50508296 0.106063366 0.59320056 0.24039152 
person 0.7523882389068604 0.40273798 0.42976636 0.5074064 0.67378336 
person 0.7521542906761169 0.3020034 0.016136914 0.4055315 0.16652375 
person 0.731385350227356 -0.0014990177 0.5031843 0.037327506 0.689955 
person 0.589047908782959 0.62946063 0.4797353 0.7025872 0.7027671 
