bird 0.9811490774154663 0.6818033 0.5937627 0.76810783 0.7439031 
bird 0.9407681226730347 0.3775816 0.62675303 0.45740098 0.7348829 
person 0.8456064462661743 0.77036965 0.32189354 0.78458214 0.3921382 
bird 0.8309990167617798 0.51479095 0.6202476 0.5985499 0.74204123 
bird 0.8250116109848022 0.8260026 0.62944686 0.93189263 0.7759892 
person 0.8102525472640991 0.57321435 0.32447034 0.58753055 0.38249743 
bird 0.7577016353607178 0.14166228 0.5515433 0.22875865 0.7215943 
car 0.7422476410865784 0.7840339 0.22889705 0.8216394 0.25373858 
person 0.7264072895050049 0.7892215 0.32169497 0.80822885 0.40117043 
bird 0.7109659314155579 0.6392742 0.57206637 0.69804615 0.6883585 
bird 0.7094469666481018 0.052929264 0.5016719 0.12775028 0.62875116 
person 0.7009119987487793 0.48796684 0.326041 0.499808 0.37584034 
person 0.6957095265388489 0.65907174 0.32448706 0.67355865 0.3855857 
person 0.6937798261642456 0.44477418 0.32237864 0.45826915 0.36533302 
car 0.6844090223312378 0.63153774 0.2295652 0.6622538 0.25397608 
person 0.6772598624229431 0.32199395 0.30808488 0.33784878 0.35907444 
person 0.6673915982246399 0.7284561 0.32190633 0.74263066 0.3874414 
bird 0.6625359058380127 0.7871049 0.53850573 0.8599662 0.66279465 
person 0.6409579515457153 0.63509464 0.3282902 0.65031826 0.3842604 
person 0.6334333419799805 0.75261337 0.32308784 0.76752573 0.38827118 
person 0.5928045511245728 0.62188655 0.3267643 0.63569444 0.3844731 
bird 0.592420756816864 0.38865465 0.5470226 0.43727756 0.6266296 
bird 0.5831413269042969 0.46860707 0.5687994 0.5457777 0.681268 
bird 0.571783721446991 0.030357927 0.31318107 0.96923685 0.6841836 
bird 0.5411159992218018 0.45458877 0.53385496 0.5191408 0.5978434 
bird 0.5364962220191956 0.10474506 0.53354245 0.17789263 0.6576658 
