person 0.9992468357086182 0.7625379 0.18412656 0.97547084 0.8559589 
person 0.9979443550109863 0.049574584 0.21919957 0.27877036 0.7826127 
person 0.9967906475067139 0.56123984 0.13455784 0.7860085 0.9909184 
person 0.952872633934021 0.94128394 0.34216186 0.9967998 0.5222038 
person 0.941796064376831 0.001151898 0.39749396 0.025266837 0.5042617 
person 0.9109499454498291 0.49634573 0.20257154 0.6067684 0.6904969 
person 0.8418135046958923 0.75427383 0.3108601 0.80552787 0.54835236 
person 0.8265313506126404 0.294792 0.21775624 0.5396901 0.7824662 
person 0.6579344272613525 0.25872037 0.33517408 0.30305973 0.49871022 
person 0.5611199140548706 0.3044768 0.3082872 0.3589918 0.58646363 
person 0.5568767189979553 0.04673882 0.37204972 0.09326655 0.57518184 
person 0.5274816751480103 0.72609216 0.2867862 0.7647416 0.532696 
person 0.5103084444999695 0.012004079 0.3947366 0.040276982 0.503402 
person 0.5069350600242615 0.92003036 0.31538194 0.9536822 0.44382113 
