person 0.9904648065567017 0.7179864 0.5681646 0.7309118 0.6101301 
person 0.9843478202819824 0.91280925 0.7893954 0.9543896 0.95064574 
person 0.9078436493873596 0.81076133 0.56500703 0.82461524 0.6190688 
person 0.8869096040725708 0.5286058 0.5347635 0.5368036 0.56038314 
person 0.8320307731628418 0.40293255 0.53546953 0.4120765 0.5654793 
person 0.815382719039917 0.4645295 0.53436637 0.47361106 0.5615747 
person 0.7925864458084106 0.89572173 0.56341434 0.90885836 0.60939217 
person 0.7900508046150208 0.93955463 0.57241935 0.9533228 0.6247578 
person 0.7373547554016113 0.96923864 0.5653304 0.984851 0.6161094 
person 0.6661202311515808 0.50248903 0.54784435 0.5140626 0.5761221 
person 0.6585734486579895 0.42340225 0.53146595 0.4313153 0.5563168 
person 0.566093921661377 0.060254328 0.53356826 0.07439349 0.5637301 
