person 0.998386025428772 0.52299935 -0.0029886365 0.65056247 0.8792119 
person 0.9840596318244934 0.34956557 0.12372255 0.45133454 0.68500435 
person 0.9756619334220886 0.23523012 0.15024565 0.3220999 0.63700235 
person 0.9673506617546082 0.75048304 0.23155633 0.81382704 0.47776005 
person 0.9657629728317261 0.02838244 0.23231597 0.099554375 0.48734158 
person 0.9589831829071045 0.8971318 0.0018333495 1.0021124 0.96886325 
person 0.9219763278961182 0.4206294 0.10876691 0.5172975 0.7013565 
person 0.8817855715751648 0.10824585 0.22337039 0.18092027 0.56444293 
person 0.8648210167884827 0.1776677 0.19633406 0.2620046 0.59545505 
person 0.8276070356369019 0.7960435 0.06188655 0.93245935 0.90467614 
person 0.6787273287773132 0.72854245 0.2434931 0.7654015 0.32699805 
person 0.5755507349967957 0.0011726441 0.26878813 0.026524335 0.33699545 
person 0.5678592324256897 0.20764679 0.18123953 0.29418844 0.6127254 
