person 0.9981319308280945 0.45751497 0.15632679 0.7058526 0.5851603 
person 0.938317060470581 0.0026449934 -0.007967621 0.19025066 0.45173118 
person 0.8698267340660095 0.23921274 0.00029620156 0.35593474 0.109931484 
person 0.8578318953514099 0.91167235 0.0011161938 0.9957508 0.17695007 
person 0.8552282452583313 0.6916972 -0.0014272854 0.9065768 0.19644183 
bottle 0.8160271644592285 0.36101937 0.27460027 0.3934728 0.38402033 
motorbike 0.7629268765449524 0.09408364 0.3142185 0.8631762 0.8352518 
person 0.7057228088378906 0.41600275 0.0025960207 0.54416955 0.13297313 
bottle 0.6761196851730347 0.21368401 0.17238416 0.23938785 0.22145341 
person 0.5686813592910767 0.5566775 0.0056663156 0.7040382 0.15941963 
