person 0.996740460395813 0.2579316 0.014563762 0.6221775 0.2157956 
bottle 0.988317608833313 0.3292709 0.8157681 0.4283147 0.99490917 
cup 0.9878500699996948 0.24340172 0.12853074 0.31945962 0.27469188 
bottle 0.9806379675865173 0.81651604 0.09621863 0.89697325 0.33303285 
diningtable 0.9761794209480286 0.08426079 0.23786196 0.9263588 0.9281684 
bowl 0.9715182781219482 0.3177141 0.18412034 0.4256721 0.28329724 
bowl 0.9526612162590027 0.014646225 0.3489319 0.14971992 0.48044527 
person 0.9524253010749817 0.66762966 0.002806604 0.9994473 0.3678347 
cup 0.9384840726852417 0.5360494 0.12717679 0.5941027 0.24916211 
person 0.9121270775794983 -0.0013306737 -0.026732981 0.2082579 0.7249822 
bowl 0.8157657384872437 0.760026 0.73945916 0.9536637 0.94020545 
