person 0.9977726936340332 0.06536245 0.24808735 0.35841587 0.8746304 
person 0.9029409289360046 0.30670628 0.22630242 0.44196197 0.8160106 
person 0.8985757827758789 0.6237552 0.12943071 0.7085284 0.53606844 
person 0.748349130153656 0.41432124 0.26743853 0.5433163 0.7530196 
person 0.7290053963661194 0.8398893 0.19060728 0.9121237 0.4595591 
person 0.7111653089523315 0.028855942 0.08750562 0.07002471 0.14711462 
person 0.6854551434516907 0.46943456 0.32200944 0.8182673 0.9634552 
person 0.6845955848693848 0.37406814 0.1286515 0.43279308 0.29665706 
person 0.6718059778213501 0.0015952634 0.075055346 0.028990678 0.14659667 
person 0.6229179501533508 0.079425216 0.093213476 0.12155005 0.1449781 
person 0.6213294267654419 0.71414423 0.045062482 0.75437427 0.14012869 
person 0.6197525262832642 0.68821996 0.30687857 0.9040105 0.8662828 
person 0.5821979641914368 0.76793456 0.1455087 0.8286052 0.3406636 
person 0.5213752388954163 0.77365464 0.06471144 0.81725794 0.1529726 
person 0.5136876106262207 0.25091246 0.086102374 0.2923089 0.14124581 
person 0.5094521641731262 0.21443105 0.08885547 0.25155696 0.14561212 
person 0.5036810040473938 0.64095443 0.036478586 0.6798567 0.13993016 
person 0.5008763074874878 0.17114604 0.08312363 0.20788607 0.14254 
