horse 0.981778085231781 0.4174517 0.05570811 0.84944737 0.82187283 
person 0.9537751078605652 0.091758326 0.6239324 0.3145002 0.82848185 
person 0.9384072422981262 0.010505561 0.05483026 0.086634696 0.20466042 
person 0.9139096140861511 0.2328192 0.07194398 0.31846488 0.21493499 
person 0.9013400673866272 0.68568254 0.02642443 0.7678218 0.22364739 
person 0.783408522605896 0.8162343 0.15693185 0.8996249 0.28812346 
person 0.7352994084358215 0.90279406 0.22399049 0.9671845 0.29424185 
person 0.6764615178108215 0.7848279 0.08225201 0.84589964 0.24589203 
person 0.6668851375579834 0.84228337 0.09612527 0.9116361 0.23312357 
person 0.6038879752159119 0.13428017 0.1672904 0.21025005 0.31019294 
person 0.5700032711029053 0.17869653 0.1268158 0.22474186 0.2051112 
person 0.5608769059181213 0.40149766 0.066216394 0.45983237 0.20095707 
person 0.5109711289405823 0.07691965 0.2271848 0.12642716 0.32023856 
