person 0.9875308275222778 0.78476334 0.6585807 0.96498215 0.9663963 
person 0.9863116145133972 0.52173585 0.7424109 0.64987963 0.96103454 
person 0.9824092984199524 0.8499643 0.089184284 0.97123426 0.3860779 
person 0.9277178049087524 0.6484107 0.5257641 0.72586966 0.7263764 
person 0.8874987363815308 0.5069579 0.48021504 0.57909703 0.70941335 
person 0.8139442801475525 0.6566864 0.76555014 0.7917386 0.9661372 
person 0.8037132024765015 0.28760675 0.44604313 0.41998866 0.6739836 
person 0.7161080241203308 0.24238007 0.80597013 0.27489713 0.95313746 
person 0.7057093977928162 0.32282937 0.6774885 0.39043194 0.7585507 
person 0.6231188774108887 0.8227501 0.40908074 0.9297879 0.6515671 
person 0.5508676171302795 0.3897788 0.742088 0.47249115 0.91015154 
person 0.5425366163253784 0.20881853 0.81564486 0.2416684 0.9443624 
