person 0.999790370464325 0.33730966 0.48585057 0.27315643 0.75879526
person 0.9978584051132202 0.057671167 0.115990154 0.32693374 0.6128771
person 0.9916223883628845 0.1409766 0.18658833 0.35360736 0.59722596
person 0.9769271016120911 0.084854424 0.33859318 0.38131106 0.8081355
person 0.9762824177742004 0.656717 0.70389 0.35387635 0.51217353
person 0.957959771156311 0.7501095 0.8254507 0.397266 0.556312
person 0.9442866444587708 0.9335238 0.97289896 0.37021536 0.48321152
person 0.8347269296646118 -0.0018850137 0.031992137 0.3624887 0.60819846
person 0.6743402481079102 0.646173 0.67214715 0.38182813 0.5121102
person 0.6668103337287903 0.67612964 0.72353727 0.3440323 0.50985444
person 0.5686944127082825 0.79214096 0.84449136 0.34832248 0.5370187
