person 0.8501443862915039 0.36506 0.3790643 0.917978 0.9598116
person 0.803316593170166 0.3833024 0.39490837 0.9195702 0.9517391
person 0.8029999136924744 0.6595203 0.67509645 0.9206377 0.9529818
person 0.790391206741333 0.43116066 0.44317272 0.9152903 0.943937
person 0.7880706191062927 0.8023477 0.8164806 0.9204947 0.94353056
person 0.786019504070282 0.713183 0.725293 0.9194641 0.9501374
person 0.7692237496376038 0.5207831 0.5301383 0.9180076 0.9443488
person 0.764108419418335 0.8467487 0.8632542 0.92822593 0.9699963
person 0.7211228013038635 0.69305336 0.70843923 0.9217774 0.9531004
person 0.7087769508361816 0.20077004 0.21554048 0.9275563 0.96593034
person 0.6958094835281372 0.3373099 0.34806532 0.91239166 0.94445276
person 0.6744874119758606 0.48563117 0.4946156 0.9183908 0.94377726
person 0.618838369846344 0.58263093 0.59318286 0.9160153 0.9419165
person 0.5856123566627502 0.6749342 0.6897343 0.92188334 0.94992864
person 0.5178436636924744 0.41413593 0.42363048 0.91442364 0.9390164
