person 0.9990809559822083 0.35055262 0.61874753 0.44950023 0.9698099
person 0.9977197051048279 0.6831937 0.9474578 0.24851759 0.59508514
person 0.9859841465950012 0.1002961 0.26538607 0.22464466 0.50316465
person 0.9612814784049988 0.37213716 0.5305027 0.1235643 0.3863492
person 0.9585307836532593 0.6415943 0.8676578 0.4210436 0.8683529
person 0.9283101558685303 0.2205039 0.36784294 0.063794486 0.27750468
person 0.9120920896530151 0.4662447 0.5638566 0.007889628 0.1858266
person 0.9104906916618347 0.057990562 0.15979926 0.15523589 0.32438904
person 0.8881205916404724 0.6703568 0.77817935 0.1981957 0.47127056
person 0.8731023073196411 0.22785744 0.35615364 0.31351757 0.6494965
person 0.8663443326950073 0.6701355 0.8966669 0.0071703494 0.26797265
person 0.8387172222137451 0.043332726 0.1378618 0.23866463 0.4068728
person 0.747005820274353 0.28858775 0.41297764 -0.00072780997 0.21121451
person 0.6691511273384094 0.14898743 0.2511487 0.079682186 0.2443748
person 0.6154947280883789 0.56212825 0.65635794 0.30126014 0.4842538
person 0.5615293979644775 0.51007444 0.7090364 0.70784366 1.0069606
