person 0.9964605569839478 0.52807695 0.6814386 0.43962547 0.6201166
person 0.9962709546089172 0.57223773 0.98236406 0.6031155 0.9975768
person 0.9940704107284546 0.32801032 0.47073418 0.4186028 0.5978111
person 0.9908497929573059 -0.0019059032 0.2412207 0.3001242 0.9834664
person 0.9881325960159302 0.32595995 0.49112698 0.6181411 0.9847476
person 0.9602314829826355 0.64190555 0.871215 0.4500771 0.6486422
person 0.9474576711654663 0.15469764 0.25107542 0.36925355 0.5277382
person 0.9364345073699951 0.80777216 0.95076895 0.28477025 0.50058424
person 0.9095926880836487 0.6202022 0.70803535 0.36065874 0.54250014
person 0.798650324344635 0.5853688 0.63897306 0.2988261 0.44516158
person 0.7343000173568726 0.94167084 0.99807686 0.26385486 0.47391522
person 0.7110999822616577 0.1722829 0.25084713 0.31569037 0.4326122
person 0.686634361743927 0.24847049 0.32968003 0.33363733 0.45360306
person 0.6712480187416077 0.35388595 0.42577547 0.37094423 0.44764784
person 0.6221324801445007 0.5050943 0.5438887 0.33696458 0.40878597
person 0.6200304627418518 0.09868294 0.89820033 0.28911096 0.5595424
person 0.5653533339500427 0.8899074 0.93841773 0.27253616 0.35311925
