person 0.9981178641319275 0.7843163 0.8886682 0.119743496 0.2923744
person 0.9964061975479126 0.046914548 0.45705834 0.12276277 0.99638224
person 0.9916430711746216 0.69294626 0.78611153 0.11801605 0.2875489
person 0.9876195788383484 0.04892385 0.14069624 0.13172287 0.31844229
person 0.9840620160102844 0.18190345 0.30197957 -0.007928178 0.26703656
person 0.9839550256729126 0.4513069 0.6115117 0.5168581 0.7465775
person 0.982753336429596 0.33273965 0.45283324 0.53047884 0.73229825
person 0.9790145754814148 0.40218836 0.50330275 0.021655858 0.3025396
person 0.9759461879730225 0.8954162 0.9914735 0.11274481 0.29175234
person 0.972387433052063 0.5981008 0.71784663 0.014355622 0.20490581
person 0.951569676399231 0.42611316 0.92830074 0.22091371 0.9228503
person 0.9217653274536133 0.046884608 0.14303724 0.40516737 0.72578573
person 0.8944506645202637 0.90111035 1.0036371 -0.0021560118 0.17718145
person 0.8729468584060669 0.7942018 0.91367906 0.010949127 0.20810342
person 0.8728412389755249 0.6186336 0.706293 0.13732204 0.2637028
person 0.8270683288574219 0.50564444 0.59264016 0.10552198 0.23749754
person 0.8221119046211243 -0.0016614124 0.07230492 0.0046628863 0.31845462
person 0.8185170292854309 0.40112096 0.50902194 0.42437202 0.67885643
person 0.8035913109779358 0.11664523 0.20806806 0.044419594 0.2892974
person 0.7778889536857605 0.30106556 0.40348047 0.015934028 0.17047507
person 0.7378901243209839 -0.0009316858 0.037610263 0.5021365 0.69292957
person 0.5252689123153687 0.63114893 0.7047211 0.48159188 0.7060459
