person 0.8280341029167175 0.7705849 0.7839317 0.3225421 0.3907765
person 0.7845065593719482 0.7880857 0.80708075 0.3221909 0.40184936
person 0.7564300894737244 0.57388407 0.588265 0.32678705 0.3801571
person 0.7078537940979004 0.60390276 0.6170985 0.33042178 0.3749173
person 0.7010232210159302 0.7527745 0.7674129 0.32264563 0.38897
person 0.6809428334236145 0.6362757 0.6512101 0.33055085 0.38427502
person 0.6723975539207458 0.65732425 0.6717511 0.3259744 0.38787204
person 0.6678720712661743 0.72971004 0.7434724 0.3238687 0.3869962
person 0.6103728413581848 0.4459279 0.45702294 0.3261211 0.3733846
person 0.5575628280639648 0.622439 0.63579667 0.3278673 0.3827491
person 0.550824761390686 0.48778242 0.500544 0.32814142 0.37565216
