person 0.9992831945419312 0.5528166 0.7914524 0.14858624 0.9893863
person 0.9988541603088379 0.048413344 0.28784132 0.20888862 0.8051921
person 0.9949191212654114 0.76155525 0.97604126 0.16986236 0.8681948
person 0.9462292194366455 0.3002003 0.54644316 0.2197074 0.7834643
person 0.9317821264266968 0.9416514 0.9952771 0.34440535 0.5220821
person 0.9091411232948303 0.0016759103 0.025694326 0.40004265 0.50458133
person 0.9066343903541565 0.75399715 0.8017884 0.29453415 0.5369757
person 0.8361376523971558 0.25899076 0.30544633 0.33144617 0.50088775
person 0.8094802498817444 0.4953041 0.6088449 0.20869726 0.6811042
person 0.7105054259300232 0.04653445 0.09228234 0.3751466 0.5707717
person 0.6851949691772461 0.030193005 0.05396791 0.3838658 0.5163978
