person 0.9768906235694885 0.71844107 0.73144025 0.5690638 0.610198
person 0.9647644758224487 0.91378367 0.95345974 0.7895727 0.9471469
person 0.9181327819824219 0.52849543 0.5366343 0.5372719 0.5631724
person 0.8638423085212708 0.81115115 0.8242723 0.56587833 0.6187598
person 0.841492235660553 0.89463824 0.90926975 0.5650183 0.60897946
person 0.8172675371170044 0.9396895 0.9584265 0.5558479 0.624915
person 0.8096315860748291 0.4028978 0.41204527 0.5373418 0.5657136
person 0.7989369630813599 0.46481407 0.47374588 0.53623444 0.5619195
person 0.7723402976989746 0.502805 0.5138445 0.5486934 0.57699275
person 0.7088966369628906 0.96746343 0.98498684 0.5642848 0.61554265
person 0.5762795209884644 0.4235472 0.43161315 0.533954 0.5560963
person 0.5342159867286682 0.061273634 0.074148044 0.5351215 0.56252354
