person 0.9988077878952026 0.52308583 0.6527493 0.043367654 0.8280163
person 0.9749693870544434 0.23767449 0.32044503 0.1527996 0.6329876
person 0.9694311618804932 0.028717201 0.10127494 0.23160356 0.48582017
person 0.9586281776428223 0.7475019 0.8151782 0.23781864 0.47733253
person 0.9563934206962585 0.89756006 1.0019175 -0.012670159 0.9854094
person 0.9541856646537781 0.35080355 0.4494971 0.13498321 0.6770812
person 0.9292933940887451 0.11240339 0.18071032 0.21451348 0.56788504
person 0.9125592112541199 0.17852974 0.25918213 0.19690013 0.5956159
person 0.8992438912391663 0.42116782 0.51561016 0.10733563 0.7101379
person 0.8626843094825745 0.72795427 0.76628363 0.24338824 0.32750112
person 0.8172704577445984 0.79549897 0.9315891 0.07632914 0.8903676
person 0.6125838160514832 0.0007540528 0.025455488 0.2706594 0.33658946
person 0.5424867868423462 0.2076246 0.29357833 0.18027307 0.61305404
