person 0.9982311725616455 0.06314649 0.35838205 0.24997514 0.86788017
person 0.9551610946655273 0.30815426 0.4438158 0.2183361 0.8200587
person 0.7839343547821045 0.6087144 0.71880025 0.12948379 0.5347208
person 0.7836442589759827 0.02813659 0.069234274 0.0879585 0.1472448
person 0.6947890520095825 0.4109828 0.5338086 0.2251997 0.7510757
person 0.6666027307510376 0.64069605 0.6791562 0.036686826 0.14205089
person 0.6638964414596558 0.7163612 0.75402063 0.04702659 0.13921882
person 0.6555827856063843 0.07890387 0.121500835 0.09442782 0.14533614
person 0.6167173981666565 0.2148223 0.2524335 0.08739143 0.1479747
person 0.616049587726593 0.13842279 0.17602345 0.10030613 0.14786185
person 0.574887216091156 0.4795153 0.8050858 0.30067775 0.9833727
person 0.5746660828590393 0.25064808 0.2932589 0.08883336 0.1470568
person 0.5442038178443909 0.0010349015 0.026998047 0.07641105 0.14809515
person 0.5425702333450317 0.76376116 0.79569983 0.061668064 0.14779039
person 0.5085105299949646 0.17504698 0.21488264 0.08574368 0.14995462
