person 0.9070244431495667 0.8243997 0.9698088 0.31493342 0.8105159
person 0.8409619331359863 0.33961037 0.48839745 0.49181145 0.86906606
person 0.8153507709503174 0.06697722 0.13982517 0.46382737 0.63830817
person 0.8074503540992737 0.44116238 0.51344925 0.45761195 0.6390622
person 0.7807372808456421 0.7120828 0.7688102 0.47995093 0.6309987
person 0.7270257472991943 0.00041942298 0.09732119 0.47073832 0.87780344
person 0.6898329257965088 0.14600968 0.26655966 0.4905317 0.7739868
person 0.6380311846733093 0.26035568 0.3147919 0.43054986 0.5518393
person 0.6273936033248901 0.21752922 0.253724 0.46526372 0.5556128
person 0.6187648773193359 0.5804439 0.71271497 0.48581302 0.689535
person 0.5693581104278564 0.32952923 0.3726455 0.44289416 0.5406222
person 0.5661541223526001 0.6766848 0.7163761 0.4786931 0.5699076
person 0.5395330786705017 0.47488597 0.5493833 0.4688558 0.63999647
