person 0.9982667565345764 0.17931998 0.36939293 0.08115405 0.5835166
person 0.995781421661377 0.761672 0.9169389 0.34661418 0.7728798
person 0.9928202629089355 0.38012907 0.5670063 0.14471754 0.8860644
person 0.9919800758361816 0.7159428 0.7829606 0.22682662 0.4774682
person 0.9821885228157043 0.5852065 0.75274503 0.33314234 0.7949334
person 0.9743468165397644 0.8558961 0.88965154 0.28328693 0.37773657
person 0.9641963839530945 -0.0014460906 0.11415123 0.07886335 0.810853
person 0.9089261889457703 0.069004305 0.12599699 0.2250385 0.37337163
person 0.8576380610466003 0.46945494 0.6500079 0.06756079 0.64706796
person 0.8362499475479126 0.9123073 0.94293207 0.26794592 0.41697094
person 0.8204763531684875 0.96073127 0.99327576 0.2835148 0.4010051
person 0.6659071445465088 0.6900157 0.7198676 0.2739803 0.36369953
person 0.540464460849762 0.9181413 0.9620717 0.25876066 0.4248651
person 0.5039643049240112 0.042882495 0.08030575 0.21693166 0.3383965
