person 0.9927921891212463 0.8465553 0.97138435 0.089703724 0.3856781
person 0.9911439418792725 0.5256145 0.65035295 0.7409251 0.96142006
person 0.9822049140930176 0.7859366 0.9632424 0.6628113 0.9600917
person 0.9410905838012695 0.50698835 0.58035237 0.47931528 0.7056924
person 0.9002029895782471 0.6598594 0.7883624 0.7610912 0.9633313
person 0.8717660903930664 0.32387874 0.3896912 0.67879486 0.7607275
person 0.8258333206176758 0.287093 0.4198965 0.44669056 0.67199826
person 0.7929575443267822 0.24431202 0.27482638 0.80556804 0.954524
person 0.7895947694778442 0.8221344 0.9332367 0.42426658 0.6651063
person 0.7070181965827942 0.6517705 0.7236935 0.52104115 0.7301171
person 0.6912690997123718 0.27413264 0.3217866 0.8227734 0.9589674
person 0.6336610317230225 0.3941071 0.47454202 0.7389939 0.91504025
person 0.5639907717704773 0.19897711 0.240322 0.79266506 0.95682687
person 0.5185560584068298 0.54640865 0.6607417 0.060289487 0.3587852
person 0.5007320642471313 0.15528409 0.20917477 0.7820325 0.94388604
